 Integrating base case
 Done.
 Integrating finite diff first order with step    1.00000000000000000000000000000000004E-0011
 Done
 Integrating finite diff second order with step    1.00000000000000000000000000000000004E-0011
 Done
 FINAL TIME
   769845939.18506300     
 FINAL STATE
  -5950.3185718789746        21869.576312431967       -67348.487833324150       -7.1671836874398709E-002   1.2520238460673832E-002   1.0421264277531270E-002   769845939.18506300        1.0000000000000000     
 FD THEN ANALYTIC STM THEN NORMALIZED ERROR
  -109.310608      -1515.51758       1126.38855      -413266.406      -11446.5957      -52334.5820       0.00000000       0.00000000    
 -0.252287596      0.751731098      -1.29080641      -413930.406      -12645.9014      -51244.5664      -3.75846066E-02  -41349.6328    
  -432.277771       2017.03687       873.623901       1.60417170E-03   9.48374569E-02  -2.12709270E-02   1.00000000       1.00000000    
 
  -467.460663      -264.115112       475.776123      -126923.820      -231167.406      -183056.359       0.00000000       0.00000000    
 -0.352534264      0.710713744      0.832822025      -127105.609      -231463.109      -182978.859       4.82682185E-03   7223.30127    
  -1325.00061       372.619537      -570.281860       1.43019657E-03   1.27755525E-03  -4.23528545E-04   1.00000000       1.00000000    
 
   50.1706734      -62.9651031       207.294022      -128652.523      -165273.000      -95912.2969       0.00000000       0.00000000    
 -0.233257547     -0.265287519       1.32767618      -128672.078      -165277.625      -95795.1328      -1.22674098E-02   6012.33984    
   216.087021      -236.346664      -155.132965       1.52018329E-04   2.79556971E-05  -1.22307613E-03   1.00000000       1.00000000    
 
  -8.87859729E-04   4.21937974E-03  -2.97922874E-03  0.863959491     -0.258144110     -0.311347723       0.00000000       0.00000000    
   2.17764864E-06   5.37776259E-07   1.89569528E-06  0.865115345     -0.255729198     -0.313879550       1.64463628E-07   2.27801409E-02
   408.714905      -7844.97656       1572.57581       1.33608759E-03  -9.44326911E-03   8.06627329E-03   1.00000000       1.00000000    
 
  -5.05263358E-03   5.44399009E-05   9.70014371E-03 -0.954392254      0.965610504      -5.00574149E-03   0.00000000       0.00000000    
  -2.01441844E-06   3.99253577E-06  -3.76508819E-06 -0.960236073      0.966711938      -5.66858239E-03  -3.00528029E-07 -0.430629283    
  -2507.23462      -12.6354198       2577.33911       6.08587312E-03   1.13932590E-03  0.116932340       1.00000000       1.00000000    
 
   1.83063175E-03  -2.18711491E-03  -6.79731485E-04  -3.51118448E-04  -1.77146995      -6.72890153E-03   0.00000000       0.00000000    
   1.82333952E-06  -5.42234147E-06   1.25047718E-05   9.52865754E-04  -1.77336061      -4.93011205E-03  -1.26829818E-08  0.666431248    
  -1002.99933      -402.352478       55.3577690       1.36848676       1.06619578E-03 -0.364857703       1.00000000       1.00000000    
 
   0.00000000       0.00000000       0.00000000       0.00000000       0.00000000       0.00000000       0.00000000       0.00000000    
   0.00000000       0.00000000       0.00000000       0.00000000       0.00000000       0.00000000       1.00000000       576930.000    
   0.00000000       0.00000000       0.00000000       0.00000000       0.00000000       0.00000000       1.00000000       1.00000000    
 
   0.00000000       0.00000000       0.00000000       0.00000000       0.00000000       0.00000000       0.00000000       0.00000000    
   0.00000000       0.00000000       0.00000000       0.00000000       0.00000000       0.00000000       0.00000000       1.00000000    
   0.00000000       0.00000000       0.00000000       0.00000000       0.00000000       0.00000000       0.00000000       1.00000000    
 
 FD THEN ANALYTIC STT THEN NORMALIZED ERROR
 PAGE           1
  -1.69607659E-03   1.38480484E-03  -2.64768582E-03   6.61828995      -3.97889161      -1.60476029       0.00000000       0.00000000    
   3.35596633E-05  -4.63618671E-05   7.90416670E-05   6.60496283      -3.98339057      -1.63024068       1.77172558E-06   1.25635076    
   51.5391388       30.8694801       34.4973450      -2.01775227E-03   1.12939265E-03   1.56298317E-02   1.00000000       1.00000000    
 
   2.31349934E-03  -1.84395618E-03   2.66399118E-03  -16.6828613      -1.44886684     -0.239391953       0.00000000       0.00000000    
  -4.63618671E-05   1.16531810E-05  -1.11894879E-05  -16.6658745      -1.44415271     -0.217901260      -4.36012579E-06  0.310259253    
   50.9009094       159.236282       239.079819      -1.01926271E-03  -3.26429959E-03  -9.86258164E-02   1.00000000       1.00000000    
 
  -9.30614013E-04   2.33207189E-04  -1.13030593E-03   27.5794220      -1.85287166       1.10483420       0.00000000       0.00000000    
   7.90416670E-05  -1.11894879E-05   7.78364411E-05   27.5634060      -1.85809457       1.06973982       2.17225534E-06   1.09368348    
   12.7737150       21.8416328       15.5215521      -5.81071188E-04   2.81086611E-03  -3.28064784E-02   1.00000000       1.00000000    
 
  -931.967102       830.949890      -1417.54944       1795831.75      -1498064.25      -326986.781       0.00000000       0.00000000    
   6.60496283      -16.6658745       27.5634060       1793873.50      -1498232.62      -331825.906      0.735738277       499111.000    
   142.101044       50.8593636       52.4286728      -1.09162065E-03   1.12326605E-04   1.45833157E-02   1.00000000       1.00000000    
 
  -209.805252       346.469421      -418.475342      -1500734.88       1270720.38       395781.312       0.00000000       0.00000000    
  -3.98339057      -1.44415271      -1.85809457      -1498232.62       1271505.38       396219.031     -0.564000726      -147537.844    
  -51.6700211       240.911896      -224.217468      -1.67018641E-03   6.17327925E-04   1.10475335E-03   1.00000000       1.00000000    
 
  -504.596771       444.920532      -579.318787      -332532.688       394529.000       1095338.50       0.00000000       0.00000000    
  -1.63024068     -0.217901260       1.06973982      -331825.906       396219.031       1096184.50      -6.87575489E-02  -181086.531    
  -308.522888       2042.84473       542.551086      -2.12996965E-03   4.26538801E-03   7.71826599E-04   1.00000000       1.00000000    
 
  -1.43611949E-04   1.35689275E-04  -2.66806252E-04  0.735486865     -0.564329684      -6.73725978E-02   0.00000000       0.00000000    
   1.77172558E-06  -4.36012579E-06   2.17225534E-06  0.735738277     -0.564000726      -6.87575489E-02   5.87305031E-08   9.48840007E-02
   82.0576706       32.1204948       123.824539       3.41719337E-04  -5.83235407E-04   2.01424547E-02   1.00000000       1.00000000    
 
  -262.722839       225.485718      -256.793518       499086.688      -147949.281      -180542.250       0.00000000       0.00000000    
   1.25635076      0.310259253       1.09368348       499111.000      -147537.844      -181086.531       9.48840007E-02   13142.5469    
   210.115845      -725.765503       235.796921       4.87065772E-05  -2.78873462E-03   3.00564105E-03   1.00000000       1.00000000    
 
 PAGE           2
  -1.07989809E-03   8.05844727E-04  -1.10492692E-03  -1.69049013      0.808457255       1.22059977       0.00000000       0.00000000    
   2.27170358E-06  -6.34156322E-06   2.25653348E-05  -1.68556631      0.812140405       1.21780860      -3.35102050E-06  -1.16217840    
   476.369263       128.073517       49.9656754      -2.92117521E-03   4.53510182E-03  -2.29201466E-03   1.00000000       1.00000000    
 
   1.19074620E-03  -1.01614592E-03   1.25228823E-03   1.03114784      -12.1269159      -7.86780262       0.00000000       0.00000000    
  -6.34156322E-06  -3.29787908E-05   3.29872273E-05   1.03125525      -12.1309414      -7.86748743       7.95602432E-07   2.30341363    
   188.768570      -29.8121052      -36.9628220       1.04165025E-04   3.31796648E-04  -4.00763311E-05   1.00000000       1.00000000    
 
  -3.43818776E-03   3.41593288E-03  -4.36371751E-03 -0.147435516       23.2762451       10.5535841       0.00000000       0.00000000    
   2.25653348E-05   3.29872273E-05  -4.15902141E-05 -0.132535040       23.2885323       10.5469866      -3.19801438E-06  -2.17219234    
   153.365906      -102.553200      -103.921738     -0.112426721       5.27635508E-04  -6.25547837E-04   1.00000000       1.00000000    
 
  -738.380066       675.532043      -1015.52661      -2079121.50       472517.344       103965.836       0.00000000       0.00000000    
  -1.68556631       1.03125525     -0.132535040      -2077242.88       473804.594       106006.242     -0.567145586      -553989.000    
  -437.060516      -654.058105      -7661.32568      -9.04362474E-04   2.71686842E-03   1.92480255E-02   1.00000000       1.00000000    
 
   389.250183      -365.807983       603.177795       475465.062      -3085515.50      -1275086.62       0.00000000       0.00000000    
  0.812140405      -12.1309414       23.2885323       473804.594      -3087579.50      -1274903.88     -0.171734884       557725.125    
  -478.289276      -29.1549568      -24.9002056      -3.50455265E-03   6.68499328E-04  -1.43413316E-04   1.00000000       1.00000000    
 
  -29.4830399      -50.6516838       194.749893       107000.609      -1273849.38      -999181.938       0.00000000       0.00000000    
   1.21780860      -7.86748743       10.5469866       106006.242      -1274903.88      -999106.062     -0.327632159      -3270.37524    
   25.2099133      -5.43810177      -17.4649811      -9.38022602E-03   8.27074575E-04  -7.59338873E-05   1.00000000       1.00000000    
 
  -2.89715594E-04   2.83837900E-04  -3.13284487E-04 -0.568327427     -0.172426045     -0.328863472       0.00000000       0.00000000    
  -3.35102050E-06   7.95602432E-07  -3.19801438E-06 -0.567145586     -0.171734884     -0.327632159      -2.12382204E-07 -0.173383638    
  -85.4559250      -355.758484      -96.9621811      -2.08383193E-03  -4.02464531E-03  -3.75826936E-03   1.00000000       1.00000000    
 
  -238.127258       219.833450      -253.568924      -554208.562       557495.938      -4030.80493       0.00000000       0.00000000    
  -1.16217840       2.30341363      -2.17219234      -553989.000       557725.125      -3270.37524     -0.173383638      -248442.953    
  -203.897339      -94.4381104      -115.734100      -3.96289484E-04   4.10896173E-04 -0.232520655       1.00000000       1.00000000    
 
 PAGE           3
  -1.62674545E-03   8.92510929E-04  -1.89412117E-03 -0.386633456      -3.07455659      0.314452201       0.00000000       0.00000000    
   4.66330721E-06  -1.98030230E-05   4.90663442E-05 -0.388959080      -3.07301140      0.312377304      -1.22041763E-06   1.05193925    
   349.839447       46.0694275       39.6032677       5.97908255E-03  -5.02850220E-04  -6.64231693E-03   1.00000000       1.00000000    
 
   1.82154612E-03  -1.22740876E-03   2.06906092E-03  -3.46273994       2.32756281      -5.45453072       0.00000000       0.00000000    
  -1.98030230E-05   1.55564539E-05  -5.45798175E-05  -3.45590854       2.32926607      -5.45727921      -7.47247213E-07  -3.12831140    
   92.9832306       79.9002991       38.9089012      -1.97675196E-03   7.31168431E-04   5.03697898E-04   1.00000000       1.00000000    
 
  -2.90073198E-03   2.25302344E-03  -4.03689221E-03   10.7220821      -7.32630539       5.17691755       0.00000000       0.00000000    
   4.90663442E-05  -5.45798175E-05   1.27363019E-04   10.7184114      -7.32737970       5.16956043       8.07020740E-07   7.21437788    
   60.1185722       42.2794228       32.6959534      -3.42536747E-04   1.46627732E-04  -1.42316485E-03   1.00000000       1.00000000    
 
  -1129.60181       825.443787      -1233.17822      -741556.312      -919843.188      -336895.125       0.00000000       0.00000000    
 -0.388959080      -3.45590854       10.7184114      -742046.250      -919244.312      -335874.469     -0.111712381       549.736877    
  -2903.16602       239.850021       116.052338       6.60242396E-04  -6.51510665E-04  -3.03880963E-03   1.00000000       1.00000000    
 
  -167.334366       121.806679       211.421127      -919886.312       715932.375      -355084.656       0.00000000       0.00000000    
  -3.07301140       2.32926607      -7.32737970      -919244.312       716351.062      -353736.031     -0.578457713      -1023104.94    
  -53.4528961      -51.2940216       29.8535786      -6.98421325E-04   5.84491238E-04  -3.81253101E-03   1.00000000       1.00000000    
 
  -246.234024       117.709045      -122.817406      -335294.812      -352956.469      -883768.312       0.00000000       0.00000000    
  0.312377304      -5.45727921       5.16956043      -335874.469      -353736.031      -883430.250     -0.373466611      -2844.32959    
   789.258423       22.5691814       24.7578030       1.72576075E-03   2.20379350E-03  -3.82623752E-04   1.00000000       1.00000000    
 
  -2.24935269E-04   1.78472066E-04  -2.44102484E-04 -0.112064607     -0.578758538     -0.373975337       0.00000000       0.00000000    
  -1.22041763E-06  -7.47247213E-07   8.07020740E-07 -0.111712381     -0.578457713     -0.373466611      -7.52293445E-08  -7.31719285E-03
  -183.310074       239.839386       303.473633      -3.15295812E-03  -5.20011177E-04  -1.36216544E-03   1.00000000       1.00000000    
 
  -112.396729       50.4691238       41.0546188       984.839111      -1022807.25      -3223.41577       0.00000000       0.00000000    
   1.05193925      -3.12831140       7.21437788       549.736877      -1023104.94      -2844.32959      -7.31719285E-03   384484.188    
   107.847160       17.1330242      -4.69066668     -0.791473687       2.90970900E-04 -0.133277908       1.00000000       1.00000000    
 
 PAGE           4
  -1.79966477E-08   1.17883348E-08  -1.62769229E-08   1.44982678E-07  -5.84935788E-06   1.00570173E-06   0.00000000       0.00000000    
  -1.04109343E-11  -2.01371801E-11   6.51104656E-11   1.80060141E-07  -5.80789538E-06   9.99317763E-07  -5.60583210E-13   1.54975703E-06
   1.79862383E-08  -1.18084724E-08   1.63420317E-08  0.194809720      -7.13900756E-03  -6.38824096E-03  -5.60583210E-13   1.00000000    
 
   1.68448047E-08  -1.48857415E-08   1.07710685E-08  -2.81859957E-05   7.68614609E-06  -5.25153746E-06   0.00000000       0.00000000    
  -2.01371801E-11   6.53982979E-11  -1.93666388E-10  -2.82043329E-05   7.64220113E-06  -5.16451109E-06  -3.86852226E-12  -8.09750782E-06
  -1.68649414E-08   1.49511390E-08   56.6166115       6.50188886E-04  -5.75032085E-03  -1.68508478E-02  -3.86852226E-12   1.00000000    
 
   1.46393040E-08   1.53441491E-08   2.32433308E-08   5.65183218E-05  -2.39964629E-05   6.45633577E-07   0.00000000       0.00000000    
   6.51104656E-11  -1.93666388E-10   4.43831305E-10   5.65313130E-05  -2.40314403E-05   5.24496215E-07   7.93389052E-12   1.90116516E-05
  -1.45741934E-08   80.2297974      -51.3697395       2.29777579E-04   1.45546673E-03 -0.230959490       7.93389052E-12   1.00000000    
 
  -8.53179116E-03   8.02673399E-03  -5.78433042E-03  -3.05370736      -7.32942772      -2.49289656       0.00000000       0.00000000    
   1.80060141E-07  -2.82043329E-05   5.65313130E-05  -3.03224921      -7.30556774      -2.52500582       2.72765533E-06   3.86657119    
   47384.0078       285.592224       103.320831      -7.07664434E-03  -3.26603092E-03   1.27165345E-02   1.00000000       1.00000000    
 
  -5.56662772E-03   1.53631298E-03  -5.80041669E-03  -7.31105042       2.30537915     -0.479572892       0.00000000       0.00000000    
  -5.80789538E-06   7.64220113E-06  -2.40314403E-05  -7.30556774       2.32018876     -0.478363633       3.97416756E-07 -0.656802297    
  -957.458679      -200.030167      -240.367844      -7.50458275E-04   6.38289936E-03  -2.52795848E-03   1.00000000       1.00000000    
 
  -5.56724332E-03   2.60655046E-03  -5.04962727E-03  -2.52840972     -0.488597780      -2.01400733       0.00000000       0.00000000    
   9.99317763E-07  -5.16451109E-06   5.24496215E-07  -2.52500582     -0.478363633      -2.01909304       4.13388278E-07   3.41712348E-02
   5572.04395       505.704224       9628.57617      -1.34807592E-03  -2.13940796E-02   2.51881126E-03   1.00000000       1.00000000    
 
   1.28899016E-10   2.20088636E-09   5.48055212E-10   2.71932777E-06   3.92489625E-07   4.28160916E-07   0.00000000       0.00000000    
  -5.60583210E-13  -3.86852226E-12   7.93389052E-12   2.72765533E-06   3.97416756E-07   4.13388278E-07   1.20345628E-12   9.13265239E-07
  -1.29459610E-10  -2.20475505E-09  -5.40121337E-10   3.05301044E-03   1.23979114E-02  -3.57354432E-02   1.20345628E-12   1.00000000    
 
  -5.72894234E-04   1.85361737E-03   4.77441390E-05   3.86428332     -0.659215391       4.77938652E-02   0.00000000       0.00000000    
   1.54975703E-06  -8.09750782E-06   1.90116516E-05   3.86657119     -0.656802297       3.41712348E-02   9.13265239E-07  0.784286737    
   370.667114       229.912079      -1.51130950       5.91705204E-04  -3.67406267E-03 -0.398657918       1.00000000       1.00000000    
 
 PAGE           5
  -1.19376153E-08   2.26644037E-09  -1.32470106E-08   4.23038873E-05   3.19295282E-06   5.60403714E-06   0.00000000       0.00000000    
   1.55900293E-10  -1.09408649E-10   1.31196137E-10   4.22259363E-05   3.16581827E-06   5.56033729E-06   5.78912049E-12   1.26203429E-06
   77.5721130       21.7153683       101.971039      -1.84605573E-03  -8.57107807E-03  -7.85921700E-03   5.78912049E-12   1.00000000    
 
   1.26470834E-08  -2.65011679E-09   1.32933122E-08  -3.57460776E-05  -2.47517874E-05  -1.70517142E-05   0.00000000       0.00000000    
  -1.09408649E-10   9.64952770E-11   8.67252034E-11  -3.57231984E-05  -2.47665903E-05  -1.70497988E-05  -3.90306450E-12  -7.31513353E-07
   116.594917       2.74661205E-09  -1.32065869E-08  -6.40507496E-04   5.97710663E-04  -1.12342088E-04  -3.90306450E-12   1.00000000    
 
  -1.99328305E-08   3.02554071E-08  -1.90794580E-08   5.11532780E-05   5.96805658E-05   4.09608547E-05   0.00000000       0.00000000    
   1.31196137E-10   8.67252034E-11  -2.84615831E-10   5.12567276E-05   5.98056031E-05   4.07943298E-05   7.63048392E-12  -6.71464977E-06
   152.931534      -3.01686818E-08  -66.0358276       2.01823306E-03   2.09073490E-03  -4.08205902E-03   7.63048392E-12   1.00000000    
 
  -1.04963370E-02   2.64697592E-03  -1.17187956E-02   18.0520077       1.99844396       1.83241153       0.00000000       0.00000000    
   4.22259363E-05  -3.57231984E-05   5.12567276E-05   18.0277348       2.00355148       1.81883979       2.42286160E-06  0.187999740    
   249.575592       75.0968399       229.629425      -1.34646241E-03   2.54919217E-03  -7.46179093E-03   1.00000000       1.00000000    
 
   7.66719168E-04  -4.63755615E-03   3.42338579E-04   2.02296305     -0.284859776     -0.657015324       0.00000000       0.00000000    
   3.16581827E-06  -2.47665903E-05   5.98056031E-05   2.00355148     -0.299173892     -0.644383490      -2.07257449E-06   1.02477455    
  -241.186722      -186.250504      -4.72418880      -9.68860276E-03   4.78455350E-02  -1.96029674E-02   1.00000000       1.00000000    
 
  -1.27636595E-03  -2.20547058E-03  -1.02333876E-03   1.83209419     -0.640306413       4.98550558       0.00000000       0.00000000    
   5.56033729E-06  -1.70497988E-05   4.07943298E-05   1.81883979     -0.644383490       5.00367594      -1.46024615E-06  0.691024840    
   230.548294      -128.354630       26.0853195      -7.28727365E-03   6.32709684E-03   3.63142835E-03   1.00000000       1.00000000    
 
  -3.45976314E-09   1.53308022E-09  -3.36320261E-09   2.42619899E-06  -2.07654421E-06  -1.45336332E-06   0.00000000       0.00000000    
   5.78912049E-12  -3.90306450E-12   7.63048392E-12   2.42286160E-06  -2.07257449E-06  -1.46024615E-06   7.41130681E-13  -1.79058887E-07
   3.46555207E-09  -1.53698321E-09   3.37083295E-09  -1.37742294E-03  -1.91532145E-03   4.71342867E-03   7.41130681E-13   1.00000000    
 
  -3.14392988E-03   7.91243219E-04  -3.14334058E-03  0.189665958       1.02055871      0.686583102       0.00000000       0.00000000    
   1.26203429E-06  -7.31513353E-07  -6.71464977E-06  0.187999740       1.02477455      0.691024840      -1.79058887E-07 -0.165963307    
   2492.16040       1082.65247      -467.131744      -8.86288192E-03   4.11383854E-03   6.42774859E-03   1.00000000       1.00000000    
 
 PAGE           6
  -1.77796675E-08   5.04859532E-09  -2.04524238E-08  -9.19497616E-05  -1.41435912E-05  -1.31079396E-05   0.00000000       0.00000000    
  -2.47160015E-10   5.28285879E-12   8.33449490E-11  -9.19206141E-05  -1.41027713E-05  -1.29983318E-05  -1.56246995E-11  -3.26660415E-06
  -70.9358521      -5.04331288E-09   2.05357686E-08  -3.17080179E-04  -2.89444067E-03  -8.43246095E-03  -1.56246995E-11   1.00000000    
 
   2.66866547E-08  -4.77662399E-09   2.66041713E-08   3.76031821E-05  -1.11279714E-05  -1.69645537E-05   0.00000000       0.00000000    
   5.28285879E-12  -8.25971305E-11  -1.92544661E-10   3.76426142E-05  -1.11378904E-05  -1.70178500E-05   4.99505472E-12  -2.69123348E-06
  -2.66813718E-08   4.69402694E-09   139.171432       1.04762462E-03   8.90541938E-04   3.13178403E-03   4.99505472E-12   1.00000000    
 
  -2.33735182E-08   2.18892868E-08  -2.34708644E-08  -4.75271227E-05   3.78601326E-05   2.20339825E-05   0.00000000       0.00000000    
   8.33449490E-11  -1.92544661E-10   1.94745650E-10  -4.73965447E-05   3.79530502E-05   2.19683297E-05  -6.09423536E-12   1.22487745E-05
   2.34568631E-08   114.684204       121.520607      -2.75501143E-03   2.44830572E-03  -2.98849982E-03  -6.09423536E-12   1.00000000    
 
  -1.38560282E-02   5.70367230E-03  -1.45936217E-02  -48.8136368      -4.37635374      -6.85677767       0.00000000       0.00000000    
  -9.19206141E-05   3.76426142E-05  -4.73965447E-05  -48.7956810      -4.35239267      -6.80440140      -3.60363038E-06  -2.83027005    
  -149.739075      -150.521683      -306.904755      -3.68013338E-04  -5.50529780E-03  -7.69740436E-03   1.00000000       1.00000000    
 
  -4.17777849E-03  -4.96781897E-04  -2.57672137E-03  -4.33097696      -22.2520580      -9.66428185       0.00000000       0.00000000    
  -1.41027713E-05  -1.11378904E-05   3.79530502E-05  -4.35239267      -22.2621803      -9.63163948      -9.02361421E-07  -1.81665802    
  -295.238129      -43.6028709       68.8923340       4.92035504E-03   4.54674126E-04  -3.38902557E-03   1.00000000       1.00000000    
 
  -3.94533109E-03  -4.58145427E-04  -3.67881567E-03  -6.78647995      -9.61844063      -15.9461327       0.00000000       0.00000000    
  -1.29983318E-05  -1.70178500E-05   2.19683297E-05  -6.80440140      -9.63163948      -15.9342804      -1.78392600E-06  -1.09241247    
  -302.525970      -25.9214630       168.459961       2.63379957E-03   1.37042231E-03  -7.43813405E-04   1.00000000       1.00000000    
 
  -2.32945774E-09   1.28472011E-09  -2.41845322E-09  -3.60945683E-06  -9.08299512E-07  -1.78872222E-06   0.00000000       0.00000000    
  -1.56246995E-11   4.99505472E-12  -6.09423536E-12  -3.60363038E-06  -9.02361421E-07  -1.78392600E-06  -4.25530027E-13  -3.03982858E-07
   2.31383313E-09  -1.27972510E-09   2.41235898E-09  -1.61681592E-03  -6.58063311E-03  -2.68859020E-03  -4.25530027E-13   1.00000000    
 
  -8.00620823E-04   3.80495476E-04   7.59743216E-06  -2.83212090      -1.81796956      -1.09214997       0.00000000       0.00000000    
  -3.26660415E-06  -2.69123348E-06   1.22487745E-05  -2.83027005      -1.81665802      -1.09241247      -3.03982858E-07  -6.91151023E-02
  -244.092697       142.383301      0.379739404      -6.53961324E-04  -7.21960096E-04   2.40288224E-04   1.00000000       1.00000000    
 
 PAGE           7
   0.00000000       0.00000000       0.00000000       0.00000000       0.00000000       0.00000000       0.00000000       0.00000000    
   0.00000000       0.00000000       0.00000000       0.00000000       0.00000000       0.00000000       0.00000000       0.00000000    
   0.00000000       0.00000000       0.00000000       0.00000000       0.00000000       0.00000000       0.00000000       0.00000000    
 
   0.00000000       0.00000000       0.00000000       0.00000000       0.00000000       0.00000000       0.00000000       0.00000000    
   0.00000000       0.00000000       0.00000000       0.00000000       0.00000000       0.00000000       0.00000000       0.00000000    
   0.00000000       0.00000000       0.00000000       0.00000000       0.00000000       0.00000000       0.00000000       0.00000000    
 
   0.00000000       0.00000000       0.00000000       0.00000000       0.00000000       0.00000000       0.00000000       0.00000000    
   0.00000000       0.00000000       0.00000000       0.00000000       0.00000000       0.00000000       0.00000000       0.00000000    
   0.00000000       0.00000000       0.00000000       0.00000000       0.00000000       0.00000000       0.00000000       0.00000000    
 
   0.00000000       0.00000000       0.00000000       0.00000000       0.00000000       0.00000000       0.00000000       0.00000000    
   0.00000000       0.00000000       0.00000000       0.00000000       0.00000000       0.00000000       0.00000000       0.00000000    
   0.00000000       0.00000000       0.00000000       0.00000000       0.00000000       0.00000000       0.00000000       0.00000000    
 
   0.00000000       0.00000000       0.00000000       0.00000000       0.00000000       0.00000000       0.00000000       0.00000000    
   0.00000000       0.00000000       0.00000000       0.00000000       0.00000000       0.00000000       0.00000000       0.00000000    
   0.00000000       0.00000000       0.00000000       0.00000000       0.00000000       0.00000000       0.00000000       0.00000000    
 
   0.00000000       0.00000000       0.00000000       0.00000000       0.00000000       0.00000000       0.00000000       0.00000000    
   0.00000000       0.00000000       0.00000000       0.00000000       0.00000000       0.00000000       0.00000000       0.00000000    
   0.00000000       0.00000000       0.00000000       0.00000000       0.00000000       0.00000000       0.00000000       0.00000000    
 
   0.00000000       0.00000000       0.00000000       0.00000000       0.00000000       0.00000000       0.00000000       0.00000000    
   0.00000000       0.00000000       0.00000000       0.00000000       0.00000000       0.00000000       0.00000000       0.00000000    
   0.00000000       0.00000000       0.00000000       0.00000000       0.00000000       0.00000000       0.00000000       0.00000000    
 
   3.91323081E-16  -2.24932034E-16  -1.22216044E-15  -6.41306379E-17   9.72056916E-16  -6.27867143E-16   0.00000000       0.00000000    
   0.00000000       0.00000000       0.00000000       0.00000000       0.00000000       0.00000000       0.00000000       0.00000000    
  -3.91323081E-16   2.24932034E-16   1.22216044E-15   6.41306379E-17  -9.72056916E-16   6.27867143E-16   0.00000000       0.00000000    
 
 PAGE           8
   0.00000000       0.00000000       0.00000000       0.00000000       0.00000000       0.00000000       0.00000000       0.00000000    
   0.00000000       0.00000000       0.00000000       0.00000000       0.00000000       0.00000000       0.00000000       0.00000000    
   0.00000000       0.00000000       0.00000000       0.00000000       0.00000000       0.00000000       0.00000000       0.00000000    
 
   0.00000000       0.00000000       0.00000000       0.00000000       0.00000000       0.00000000       0.00000000       0.00000000    
   0.00000000       0.00000000       0.00000000       0.00000000       0.00000000       0.00000000       0.00000000       0.00000000    
   0.00000000       0.00000000       0.00000000       0.00000000       0.00000000       0.00000000       0.00000000       0.00000000    
 
   0.00000000       0.00000000       0.00000000       0.00000000       0.00000000       0.00000000       0.00000000       0.00000000    
   0.00000000       0.00000000       0.00000000       0.00000000       0.00000000       0.00000000       0.00000000       0.00000000    
   0.00000000       0.00000000       0.00000000       0.00000000       0.00000000       0.00000000       0.00000000       0.00000000    
 
   0.00000000       0.00000000       0.00000000       0.00000000       0.00000000       0.00000000       0.00000000       0.00000000    
   0.00000000       0.00000000       0.00000000       0.00000000       0.00000000       0.00000000       0.00000000       0.00000000    
   0.00000000       0.00000000       0.00000000       0.00000000       0.00000000       0.00000000       0.00000000       0.00000000    
 
   0.00000000       0.00000000       0.00000000       0.00000000       0.00000000       0.00000000       0.00000000       0.00000000    
   0.00000000       0.00000000       0.00000000       0.00000000       0.00000000       0.00000000       0.00000000       0.00000000    
   0.00000000       0.00000000       0.00000000       0.00000000       0.00000000       0.00000000       0.00000000       0.00000000    
 
   0.00000000       0.00000000       0.00000000       0.00000000       0.00000000       0.00000000       0.00000000       0.00000000    
   0.00000000       0.00000000       0.00000000       0.00000000       0.00000000       0.00000000       0.00000000       0.00000000    
   0.00000000       0.00000000       0.00000000       0.00000000       0.00000000       0.00000000       0.00000000       0.00000000    
 
   0.00000000       0.00000000       0.00000000       0.00000000       0.00000000       0.00000000       0.00000000       0.00000000    
   0.00000000       0.00000000       0.00000000       0.00000000       0.00000000       0.00000000       0.00000000       0.00000000    
   0.00000000       0.00000000       0.00000000       0.00000000       0.00000000       0.00000000       0.00000000       0.00000000    
 
   0.00000000       0.00000000       0.00000000       0.00000000       0.00000000       0.00000000       0.00000000       0.00000000    
   0.00000000       0.00000000       0.00000000       0.00000000       0.00000000       0.00000000       0.00000000       0.00000000    
   0.00000000       0.00000000       0.00000000       0.00000000       0.00000000       0.00000000       0.00000000       0.00000000    
 
