 Integrating base case
 Done.
 Integrating finite diff first order with step    1.00000000000000000000000000000000005E-0001
 Done
 Integrating finite diff second order with step    1.00000000000000000000000000000000005E-0001
 Done
 FINAL TIME
   769845939.18506300     
 FINAL STATE
  -5950.3185718789746        21869.576312431967       -67348.487833324150       -7.1671836874398709E-002   1.2520238460673832E-002   1.0421264277531270E-002   769845939.18506300        1.0000000000000000     
 FD THEN ANALYTIC STM THEN NORMALIZED ERROR
 -0.252287447      0.751731157      -1.29080653      -801602.812      -16544.0273      -38844.6289       0.00000000       0.00000000    
 -0.252287596      0.751731098      -1.29080641      -413930.406      -12645.9014      -51244.5664      -3.75846066E-02  -41349.6328    
   6.63123217E-07  -1.39993958E-07  -7.43998925E-08 -0.936564147     -0.308252126      0.241975650       1.00000000       1.00000000    
 
 -0.352534205      0.710713744      0.832822025      -984.111084      -399448.688      -225765.141       0.00000000       0.00000000    
 -0.352534264      0.710713744      0.832822025      -127105.609      -231463.109      -182978.859       4.82682185E-03   7223.30127    
   1.62586403E-07   1.08669351E-10   4.62113796E-08  0.992257535     -0.725755274     -0.233831793       1.00000000       1.00000000    
 
 -0.233257532     -0.265287489       1.32767618      -400494.156      -201952.000       1894.82812       0.00000000       0.00000000    
 -0.233257547     -0.265287519       1.32767618      -128672.078      -165277.625      -95795.1328      -1.22674098E-02   6012.33984    
   1.02020323E-07   6.83847929E-08   7.57309593E-09  -2.11251783     -0.221895620       1.01978004       1.00000000       1.00000000    
 
   2.17764818E-06   5.37775918E-07   1.89569528E-06 -0.149482116     -0.509590268      0.229299963       0.00000000       0.00000000    
   2.17764864E-06   5.37776259E-07   1.89569528E-06  0.865115345     -0.255729198     -0.313879550       1.64463628E-07   2.27801409E-02
   1.39441838E-07   6.20901346E-07  -3.65709383E-08   1.17278862     -0.992694974       1.73053491       1.00000000       1.00000000    
 
  -2.01441799E-06   3.99253577E-06  -3.76508888E-06  -1.78916001       1.33978176      0.688835263       0.00000000       0.00000000    
  -2.01441844E-06   3.99253577E-06  -3.76508819E-06 -0.960236073      0.966711938      -5.66858239E-03  -3.00528029E-07 -0.430629283    
   1.96747735E-07  -3.70946935E-08  -1.80347243E-07 -0.863250077     -0.385916233       122.518089       1.00000000       1.00000000    
 
   1.82333974E-06  -5.42234102E-06   1.25047718E-05   1.16390765      -3.10009360      -5.19167706E-02   0.00000000       0.00000000    
   1.82333952E-06  -5.42234147E-06   1.25047718E-05   9.52865754E-04  -1.77336061      -4.93011205E-03  -1.26829818E-08  0.666431248    
  -1.04645324E-07   3.29541017E-08  -9.16797305E-09  -1220.48120     -0.748146176      -9.53054523       1.00000000       1.00000000    
 
   0.00000000       0.00000000       0.00000000       3.50813189E-24   1.89562228E-25  -1.29123879E-24   0.00000000       0.00000000    
   0.00000000       0.00000000       0.00000000       0.00000000       0.00000000       0.00000000       1.00000000       576930.000    
   0.00000000       0.00000000       0.00000000      -3.50813189E-24  -1.89562228E-25   1.29123879E-24   1.00000000       1.00000000    
 
   0.00000000       0.00000000       0.00000000       0.00000000       0.00000000       0.00000000       0.00000000       0.00000000    
   0.00000000       0.00000000       0.00000000       0.00000000       0.00000000       0.00000000       0.00000000       1.00000000    
   0.00000000       0.00000000       0.00000000       0.00000000       0.00000000       0.00000000       0.00000000       1.00000000    
 
 FD THEN ANALYTIC STT THEN NORMALIZED ERROR
 PAGE           1
   3.35596742E-05  -4.63618562E-05   7.90416670E-05  -1.09257793      -7.03477001       3.70897627       0.00000000       0.00000000    
   3.35596633E-05  -4.63618671E-05   7.90416670E-05   6.60496283      -3.98339057      -1.63024068       1.77172558E-06   1.25635076    
  -2.58942606E-07   2.02876734E-07  -6.99522573E-08   1.16541779     -0.766025662       3.27510977       1.00000000       1.00000000    
 
  -4.63618744E-05   1.16531728E-05  -1.11894933E-05  -20.7748451      -1.50684309      -4.99080992       0.00000000       0.00000000    
  -4.63618671E-05   1.16531810E-05  -1.11894879E-05  -16.6658745      -1.44415271     -0.217901260      -4.36012579E-06  0.310259253    
  -1.68921659E-07   7.24616200E-07  -5.29578926E-07 -0.246549919      -4.34098020E-02  -21.9039974       1.00000000       1.00000000    
 
   7.90416743E-05  -1.11894751E-05   7.78364483E-05   29.6820145      -4.99341297       10.1002426       0.00000000       0.00000000    
   7.90416670E-05  -1.11894879E-05   7.78364411E-05   27.5634060      -1.85809457       1.06973982       2.17225534E-06   1.09368348    
  -1.41206584E-07   1.12688360E-06  -9.73000098E-08  -7.68630803E-02  -1.68738377      -8.44177532       1.00000000       1.00000000    
 
   6.60496378      -16.6658726       27.5634079      -3311478.00      -2660786.25       1515787.38       0.00000000       0.00000000    
   6.60496283      -16.6658745       27.5634060       1793873.50      -1498232.62      -331825.906      0.735738277       499111.000    
  -1.92569019E-07   7.18240258E-08  -3.09030916E-08   2.84599304     -0.775950074       5.56801987       1.00000000       1.00000000    
 
  -3.98339105      -1.44415331      -1.85809505      -2530983.00       1319186.62       573640.312       0.00000000       0.00000000    
  -3.98339057      -1.44415271      -1.85809457      -1498232.62       1271505.38       396219.031     -0.564000726      -147537.844    
  -1.34232664E-07  -3.99705499E-07  -2.88085374E-07 -0.689312518      -3.74998599E-02 -0.447785825       1.00000000       1.00000000    
 
  -1.63024092     -0.217901781       1.06973958       624186.375       580298.000       3285301.50       0.00000000       0.00000000    
  -1.63024068     -0.217901260       1.06973982      -331825.906       396219.031       1096184.50      -6.87575489E-02  -181086.531    
  -1.97499418E-07  -2.40767281E-06   2.19435577E-07   2.88106561     -0.464588881      -1.99703324       1.00000000       1.00000000    
 
   1.77172581E-06  -4.36012533E-06   2.17225556E-06  0.609752178     -0.889192283     -0.152226761       0.00000000       0.00000000    
   1.77172558E-06  -4.36012579E-06   2.17225534E-06  0.735738277     -0.564000726      -6.87575489E-02   5.87305031E-08   9.48840007E-02
  -1.25588485E-07   5.48356098E-08  -7.03523142E-08  0.171237662     -0.576579988      -1.21396434       1.00000000       1.00000000    
 
   1.25635087      0.310259312       1.09368360      -86240.7188      -293997.906       132290.031       0.00000000       0.00000000    
   1.25635076      0.310259253       1.09368348       499111.000      -147537.844      -181086.531       9.48840007E-02   13142.5469    
  -4.87491185E-08  -1.86498653E-07  -6.98270668E-08   1.17278862     -0.992694974       1.73053491       1.00000000       1.00000000    
 
 PAGE           2
   2.27170449E-06  -6.34156231E-06   2.25653348E-05  -24.0099773      -6.35690475E-03   11.7535143       0.00000000       0.00000000    
   2.27170358E-06  -6.34156322E-06   2.25653348E-05  -1.68556631      0.812140405       1.21780860      -3.35102050E-06  -1.16217840    
  -3.12227030E-07   1.13770305E-07   2.10165325E-08  -13.2444572       1.00782740      -8.65136433       1.00000000       1.00000000    
 
  -6.34156368E-06  -3.29787908E-05   3.29872273E-05   16.4755917      -17.7886715      -17.0512409       0.00000000       0.00000000    
  -6.34156322E-06  -3.29787908E-05   3.29872273E-05   1.03125525      -12.1309414      -7.86748743       7.95602432E-07   2.30341363    
  -1.15767065E-07  -4.15425561E-09   9.10073172E-09  -14.9762506     -0.466388434      -1.16730464       1.00000000       1.00000000    
 
   2.25653330E-05   3.29872273E-05  -4.15902177E-05  -16.3296928       29.0737476       25.5938072       0.00000000       0.00000000    
   2.25653348E-05   3.29872273E-05  -4.15902141E-05 -0.132535040       23.2885323       10.5469866      -3.19801438E-06  -2.17219234    
   5.39097478E-08   4.91282464E-08  -3.16867776E-08  -122.210388     -0.248414755      -1.42664647       1.00000000       1.00000000    
 
  -1.68556702       1.03125441     -0.132535681      -11123041.0      -436746.250       3300529.75       0.00000000       0.00000000    
  -1.68556631       1.03125525     -0.132535040      -2077242.88       473804.594       106006.242     -0.567145586      -553989.000    
  -3.89923343E-07   8.52831420E-07  -4.80825292E-06  -4.35471344       1.92178559      -30.1352386       1.00000000       1.00000000    
 
  0.812140644      -12.1309404       23.2885323       946558.062      -6803296.00      -1201721.88       0.00000000       0.00000000    
  0.812140405      -12.1309414       23.2885323       473804.594      -3087579.50      -1274903.88     -0.171734884       557725.125    
  -3.03647028E-07   2.89513391E-08  -1.22156035E-10 -0.997781456      -1.20343995       5.74019179E-02   1.00000000       1.00000000    
 
   1.21780884      -7.86748695       10.5469866      -1325038.00      -1375102.25       2338468.25       0.00000000       0.00000000    
   1.21780860      -7.86748743       10.5469866       106006.242      -1274903.88      -999106.062     -0.327632159      -3270.37524    
  -2.13513886E-07   4.14108960E-08  -4.00356814E-09   13.4996214      -7.85929337E-02   3.34056044       1.00000000       1.00000000    
 
  -3.35102095E-06   7.95601807E-07  -3.19801484E-06  -1.80944490     -0.494782835     -0.586394668       0.00000000       0.00000000    
  -3.35102050E-06   7.95602432E-07  -3.19801438E-06 -0.567145586     -0.171734884     -0.327632159      -2.12382204E-07 -0.173383638    
  -1.52497591E-07   7.51667358E-07  -1.19692501E-07  -2.19044185      -1.88108528     -0.789795876       1.00000000       1.00000000    
 
  -1.16217852       2.30341339      -2.17219234      -1032220.06       772960.312       397409.719       0.00000000       0.00000000    
  -1.16217840       2.30341363      -2.17219234      -553989.000       557725.125      -3270.37524     -0.173383638      -248442.953    
  -1.14359402E-07   9.08106941E-08  -6.77549323E-08 -0.863250077     -0.385916233       122.518089       1.00000000       1.00000000    
 
 PAGE           3
   4.66330903E-06  -1.98030211E-05   4.90663442E-05   26.3093739      -4.97208357      -3.43767858       0.00000000       0.00000000    
   4.66330721E-06  -1.98030230E-05   4.90663442E-05 -0.388959080      -3.07301140      0.312377304      -1.22041763E-06   1.05193925    
  -3.81905920E-07   7.28861878E-08  -1.34526603E-08   68.6404648     -0.617984056       12.0048923       1.00000000       1.00000000    
 
  -1.98030248E-05   1.55564521E-05  -5.45798175E-05  -26.3405457       12.1657057      -4.48925877       0.00000000       0.00000000    
  -1.98030230E-05   1.55564539E-05  -5.45798175E-05  -3.45590854       2.32926607      -5.45727921      -7.47247213E-07  -3.12831140    
  -5.53453567E-08   1.35560549E-08  -1.11911209E-08  -6.62188768      -4.22297812      0.177381486       1.00000000       1.00000000    
 
   4.90663442E-05  -5.45798175E-05   1.27363019E-04   49.1096725      -26.6391792     -0.224415243       0.00000000       0.00000000    
   4.90663442E-05  -5.45798175E-05   1.27363019E-04   10.7184114      -7.32737970       5.16956043       8.07020740E-07   7.21437788    
  -3.52293377E-08   2.27900934E-08  -7.52382334E-09  -3.58180523      -2.63556695       1.04341090       1.00000000       1.00000000    
 
 -0.388959050      -3.45590878       10.7184114       9930136.00      -982640.062      -1493445.00       0.00000000       0.00000000    
 -0.388959080      -3.45590854       10.7184114      -742046.250      -919244.312      -335874.469     -0.111712381       549.736877    
   8.46069028E-08  -6.75829241E-08   7.09985759E-09   14.3820982      -6.89650849E-02  -3.44643807       1.00000000       1.00000000    
 
  -3.07301164       2.32926559      -7.32737970      -2687332.00       5620080.50      -852013.688       0.00000000       0.00000000    
  -3.07301140       2.32926607      -7.32737970      -919244.312       716351.062      -353736.031     -0.578457713      -1023104.94    
  -8.41011243E-08   1.14389316E-07  -3.82831793E-08  -1.92341435      -6.84542799      -1.40861440       1.00000000       1.00000000    
 
  0.312377512      -5.45727921       5.16956043       2659237.50       470822.812      -2821799.75       0.00000000       0.00000000    
  0.312377304      -5.45727921       5.16956043      -335874.469      -353736.031      -883430.250     -0.373466611      -2844.32959    
  -7.40297651E-07   4.50914683E-08  -5.04918152E-09   8.91735554       2.33100033      -2.19413972       1.00000000       1.00000000    
 
  -1.22041786E-06  -7.47247441E-07   8.07020569E-07   1.20230126     -0.631010950     -0.199137956       0.00000000       0.00000000    
  -1.22041763E-06  -7.47247213E-07   8.07020740E-07 -0.111712381     -0.578457713     -0.373466611      -7.52293445E-08  -7.31719285E-03
  -1.64846043E-07  -3.47218617E-07   1.92021730E-07   11.7624702      -9.08506066E-02  0.466785133       1.00000000       1.00000000    
 
   1.05193913      -3.12831163       7.21437788       671493.250      -1788537.00      -29952.3418       0.00000000       0.00000000    
   1.05193925      -3.12831140       7.21437788       549.736877      -1023104.94      -2844.32959      -7.31719285E-03   384484.188    
   9.81964874E-08  -4.48240556E-08   1.11379626E-08  -1220.48120     -0.748146176      -9.53054523       1.00000000       1.00000000    
 
 PAGE           4
  -1.04109429E-11  -2.01371940E-11   6.51104587E-11   1.99771122E-04  -7.24784923E-06  -9.45264546E-05   0.00000000       0.00000000    
  -1.04109343E-11  -2.01371801E-11   6.51104656E-11   1.80060141E-07  -5.80789538E-06   9.99317763E-07  -5.60583210E-13   1.54975703E-06
   8.39150164E-18   1.34257568E-17   6.90163562E-18  -1108.46887     -0.247930393       95.5909805      -5.60583210E-13   1.00000000    
 
  -2.01371905E-11   6.53982909E-11  -1.93666402E-10  -2.02083873E-04   2.11527663E-06   5.85829039E-05   0.00000000       0.00000000    
  -2.01371801E-11   6.53982979E-11  -1.93666388E-10  -2.82043329E-05   7.64220113E-06  -5.16451109E-06  -3.86852226E-12  -8.09750782E-06
   1.14437245E-17   9.75917696E-18  -3.73567595E-08  -6.16499376      0.723211110       12.3433590      -3.86852226E-12   1.00000000    
 
   6.51104726E-11  -1.93666361E-10   4.43831333E-10   3.33062810E-04  -3.96463656E-05  -1.47291794E-04   0.00000000       0.00000000    
   6.51104656E-11  -1.93666388E-10   4.43831305E-10   5.65313130E-05  -2.40314403E-05   5.24496215E-07   7.93389052E-12   1.90116516E-05
  -1.28921698E-17   1.57469785E-07  -4.04182252E-08  -4.89165211     -0.649770737       281.825287       7.93389052E-12   1.00000000    
 
   1.80059402E-07  -2.82043347E-05   5.65313130E-05   64.9153748      -14.2291250      -34.7461243       0.00000000       0.00000000    
   1.80060141E-07  -2.82043329E-05   5.65313130E-05  -3.03224921      -7.30556774      -2.52500582       2.72765533E-06   3.86657119    
   4.08327014E-06  -3.63245682E-08  -6.63031630E-10   22.4083252     -0.947709739      -12.7608099       1.00000000       1.00000000    
 
  -5.80789674E-06   7.64219658E-06  -2.40314421E-05  -28.0956898      -3.36577725      0.474841565       0.00000000       0.00000000    
  -5.80789538E-06   7.64220113E-06  -2.40314403E-05  -7.30556774       2.32018876     -0.478363633       3.97416756E-07 -0.656802297    
  -2.55991239E-07   5.48503522E-07  -9.02959627E-08  -2.84579134       2.45064807       1.99263728       1.00000000       1.00000000    
 
   9.99317990E-07  -5.16451291E-06   5.24495533E-07   9.61365128      0.379218429      -35.6861763       0.00000000       0.00000000    
   9.99317763E-07  -5.16451109E-06   5.24496215E-07  -2.52500582     -0.478363633      -2.01909304       4.13388278E-07   3.41712348E-02
  -1.98270044E-07  -2.96065139E-07   1.28538136E-06   4.80737782       1.79274094      -16.6743603       1.00000000       1.00000000    
 
  -5.60582993E-13  -3.86852052E-12   7.93389139E-12   1.29443451E-05  -1.14733223E-06   9.84002099E-07   0.00000000       0.00000000    
  -5.60583210E-13  -3.86852226E-12   7.93389052E-12   2.72765533E-06   3.97416756E-07   4.13388278E-07   1.20345628E-12   9.13265239E-07
  -2.24975006E-19  -1.52750119E-18  -9.96761220E-19  -3.74559426       3.88697481      -1.38033378       1.20345628E-12   1.00000000    
 
   1.54975885E-06  -8.09750509E-06   1.90116534E-05   10.5316744     -0.284166366      -5.00156116       0.00000000       0.00000000    
   1.54975703E-06  -8.09750782E-06   1.90116516E-05   3.86657119     -0.656802297       3.41712348E-02   9.13265239E-07  0.784286737    
  -1.17661671E-06   3.18300636E-07  -8.35700504E-08  -1.72377622      0.567348659       147.367599       1.00000000       1.00000000    
 
 PAGE           5
   1.55900320E-10  -1.09408621E-10   1.31196165E-10   3.35253571E-05  -3.20701088E-06  -2.95673271E-05   0.00000000       0.00000000    
   1.55900293E-10  -1.09408649E-10   1.31196137E-10   4.22259363E-05   3.16581827E-06   5.56033729E-06   5.78912049E-12   1.26203429E-06
  -1.90811207E-07   2.51329965E-07  -1.30201386E-07  0.206048176       2.01301169       6.31754255       5.78912049E-12   1.00000000    
 
  -1.09408656E-10   9.64952701E-11   8.67251965E-11   2.30241076E-05  -5.88960174E-05   3.73094394E-06   0.00000000       0.00000000    
  -1.09408649E-10   9.64952770E-11   8.67252034E-11  -3.57231984E-05  -2.47665903E-05  -1.70497988E-05  -3.90306450E-12  -7.31513353E-07
  -8.59530900E-08   4.56538599E-18   4.53668696E-18   1.64451420      -1.37804306       1.21882629      -3.90306450E-12   1.00000000    
 
   1.31196151E-10   8.67252173E-11  -2.84615831E-10  -4.23551755E-05   1.34265938E-04   2.06007417E-06   0.00000000       0.00000000    
   1.31196137E-10   8.67252034E-11  -2.84615831E-10   5.12567276E-05   5.98056031E-05   4.07943298E-05   7.63048392E-12  -6.71464977E-06
  -1.11642088E-07  -1.66840311E-17   4.29575095E-08   1.82633400      -1.24503946      0.949500978       7.63048392E-12   1.00000000    
 
   4.22259436E-05  -3.57231911E-05   5.12567312E-05   3.89430475      -2.65116215      -4.19409180       0.00000000       0.00000000    
   4.22259363E-05  -3.57231984E-05   5.12567276E-05   18.0277348       2.00355148       1.81883979       2.42286160E-06  0.187999740    
  -2.19557464E-07   1.40626483E-07  -7.70478508E-08  0.783982575       2.32323146       3.30591607       1.00000000       1.00000000    
 
   3.16582077E-06  -2.47665885E-05   5.98056031E-05   13.2395172      -30.0563011     -0.196545705       0.00000000       0.00000000    
   3.16581827E-06  -2.47665903E-05   5.98056031E-05   2.00355148     -0.299173892     -0.644383490      -2.07257449E-06   1.02477455    
  -7.70139479E-07   4.64091841E-08   7.76983755E-10  -5.60802460      -99.4643173      0.694986403       1.00000000       1.00000000    
 
   5.56033683E-06  -1.70498024E-05   4.07943262E-05   2.54419231      -6.90078163      -8.71472168       0.00000000       0.00000000    
   5.56033729E-06  -1.70497988E-05   4.07943298E-05   1.81883979     -0.644383490       5.00367594      -1.46024615E-06  0.691024840    
   7.64862751E-09  -1.24952024E-07   2.85397608E-08 -0.398799598      -9.70912266       2.74166393       1.00000000       1.00000000    
 
   5.78912309E-12  -3.90306320E-12   7.63048479E-12  -9.06929642E-07  -3.25260135E-06   1.24656694E-07   0.00000000       0.00000000    
   5.78912049E-12  -3.90306450E-12   7.63048392E-12   2.42286160E-06  -2.07257449E-06  -1.46024615E-06   7.41130681E-13  -1.79058887E-07
  -2.52533485E-18  -1.46360541E-18  -1.10532133E-18   1.37432170     -0.569353044       1.08536685       7.41130681E-13   1.00000000    
 
   1.26203452E-06  -7.31514604E-07  -6.71465023E-06  -3.51425481       3.11597300      -2.02870274       0.00000000       0.00000000    
   1.26203429E-06  -7.31513353E-07  -6.71464977E-06  0.187999740       1.02477455      0.691024840      -1.79058887E-07 -0.165963307    
  -1.78718693E-07  -1.76265985E-06  -7.93155763E-08   19.6928692      -2.04064250       3.93578839       1.00000000       1.00000000    
 
 PAGE           6
  -2.47160042E-10   5.28282149E-12   8.33449282E-11  -1.41160097E-04  -7.77387140E-06  -1.10108027E-04   0.00000000       0.00000000    
  -2.47160015E-10   5.28285879E-12   8.33449490E-11  -9.19206141E-05  -1.41027713E-05  -1.29983318E-05  -1.56246995E-11  -3.26660415E-06
  -1.03487160E-07   3.73429563E-17   2.22001578E-17 -0.535673976      0.448769927      -7.47093534      -1.56246995E-11   1.00000000    
 
   5.28285922E-12  -8.25971166E-11  -1.92544647E-10  -2.63429029E-05  -4.00165154E-05   6.42290761E-05   0.00000000       0.00000000    
   5.28285879E-12  -8.25971305E-11  -1.92544661E-10   3.76426142E-05  -1.11378904E-05  -1.70178500E-05   4.99505472E-12  -2.69123348E-06
  -2.64300685E-20  -1.42385163E-17   3.33368320E-08   1.69981599      -2.59282732       4.77421808       4.99505472E-12   1.00000000    
 
   8.33449351E-11  -1.92544675E-10   1.94745636E-10   2.22111721E-05   6.51301671E-05  -1.13955524E-04   0.00000000       0.00000000    
   8.33449490E-11  -1.92544661E-10   1.94745650E-10  -4.73965447E-05   3.79530502E-05   2.19683297E-05  -6.09423536E-12   1.22487745E-05
   1.67136425E-17  -9.02364548E-08   6.31771044E-08   1.46862435     -0.716071963       6.18726397      -6.09423536E-12   1.00000000    
 
  -9.19206286E-05   3.76425960E-05  -4.73965556E-05  -59.1645355      -5.86073923      -36.7936325       0.00000000       0.00000000    
  -9.19206141E-05   3.76426142E-05  -4.73965447E-05  -48.7956810      -4.35239267      -6.80440140      -3.60363038E-06  -2.83027005    
  -1.57706737E-07   5.56627299E-07  -2.44613801E-07 -0.212495372     -0.346555799      -4.40732861       1.00000000       1.00000000    
 
  -1.41027740E-05  -1.11378949E-05   3.79530502E-05  -8.96893406      -41.2126884      -14.0469198       0.00000000       0.00000000    
  -1.41027713E-05  -1.11378904E-05   3.79530502E-05  -4.35239267      -22.2621803      -9.63163948      -9.02361421E-07  -1.81665802    
  -1.50514452E-07  -4.39352391E-07   6.76489407E-08  -1.06069052     -0.851242363     -0.458414137       1.00000000       1.00000000    
 
  -1.29983291E-05  -1.70178482E-05   2.19683297E-05  -3.61372304      -6.78962803      -52.5538673       0.00000000       0.00000000    
  -1.29983318E-05  -1.70178500E-05   2.19683297E-05  -6.80440140      -9.63163948      -15.9342804      -1.78392600E-06  -1.09241247    
   1.94672850E-07   7.33639425E-08  -7.48802353E-09  0.468913883      0.295070380      -2.29816389       1.00000000       1.00000000    
 
  -1.56247012E-11   4.99505125E-12  -6.09423753E-12  -4.13599673E-06  -7.51951404E-07   1.16933768E-06   0.00000000       0.00000000    
  -1.56246995E-11   4.99505472E-12  -6.09423536E-12  -3.60363038E-06  -9.02361421E-07  -1.78392600E-06  -4.25530027E-13  -3.03982858E-07
   2.38263234E-18   3.22953376E-18   1.84407055E-18 -0.147730500      0.166684926       1.65548551      -4.25530027E-13   1.00000000    
 
  -3.26660506E-06  -2.69123439E-06   1.22487736E-05  -1.47928333       1.27699983      -4.99981213       0.00000000       0.00000000    
  -3.26660415E-06  -2.69123348E-06   1.22487745E-05  -2.83027005      -1.81665802      -1.09241247      -3.03982858E-07  -6.91151023E-02
  -2.40589770E-07  -3.33900886E-07   5.25754942E-08  0.477334887       1.70293903      -3.57685351       1.00000000       1.00000000    
 
 PAGE           7
   0.00000000       0.00000000       0.00000000       0.00000000       0.00000000       0.00000000       0.00000000       0.00000000    
   0.00000000       0.00000000       0.00000000       0.00000000       0.00000000       0.00000000       0.00000000       0.00000000    
   0.00000000       0.00000000       0.00000000       0.00000000       0.00000000       0.00000000       0.00000000       0.00000000    
 
   0.00000000       0.00000000       0.00000000       0.00000000       0.00000000       0.00000000       0.00000000       0.00000000    
   0.00000000       0.00000000       0.00000000       0.00000000       0.00000000       0.00000000       0.00000000       0.00000000    
   0.00000000       0.00000000       0.00000000       0.00000000       0.00000000       0.00000000       0.00000000       0.00000000    
 
   0.00000000       0.00000000       0.00000000       0.00000000       0.00000000       0.00000000       0.00000000       0.00000000    
   0.00000000       0.00000000       0.00000000       0.00000000       0.00000000       0.00000000       0.00000000       0.00000000    
   0.00000000       0.00000000       0.00000000       0.00000000       0.00000000       0.00000000       0.00000000       0.00000000    
 
   0.00000000       0.00000000       0.00000000       0.00000000       0.00000000       0.00000000       0.00000000       0.00000000    
   0.00000000       0.00000000       0.00000000       0.00000000       0.00000000       0.00000000       0.00000000       0.00000000    
   0.00000000       0.00000000       0.00000000       0.00000000       0.00000000       0.00000000       0.00000000       0.00000000    
 
   0.00000000       0.00000000       0.00000000       0.00000000       0.00000000       0.00000000       0.00000000       0.00000000    
   0.00000000       0.00000000       0.00000000       0.00000000       0.00000000       0.00000000       0.00000000       0.00000000    
   0.00000000       0.00000000       0.00000000       0.00000000       0.00000000       0.00000000       0.00000000       0.00000000    
 
   0.00000000       0.00000000       0.00000000       0.00000000       0.00000000       0.00000000       0.00000000       0.00000000    
   0.00000000       0.00000000       0.00000000       0.00000000       0.00000000       0.00000000       0.00000000       0.00000000    
   0.00000000       0.00000000       0.00000000       0.00000000       0.00000000       0.00000000       0.00000000       0.00000000    
 
   0.00000000       0.00000000       0.00000000       0.00000000       0.00000000       0.00000000       0.00000000       0.00000000    
   0.00000000       0.00000000       0.00000000       0.00000000       0.00000000       0.00000000       0.00000000       0.00000000    
   0.00000000       0.00000000       0.00000000       0.00000000       0.00000000       0.00000000       0.00000000       0.00000000    
 
  -3.43071848E-26   3.87740912E-26   9.39072039E-26   7.55262980E-27   4.74698937E-27  -4.14715454E-28   0.00000000       0.00000000    
   0.00000000       0.00000000       0.00000000       0.00000000       0.00000000       0.00000000       0.00000000       0.00000000    
   3.43071848E-26  -3.87740912E-26  -9.39072039E-26  -7.55262980E-27  -4.74698937E-27   4.14715454E-28   0.00000000       0.00000000    
 
 PAGE           8
   0.00000000       0.00000000       0.00000000       0.00000000       0.00000000       0.00000000       0.00000000       0.00000000    
   0.00000000       0.00000000       0.00000000       0.00000000       0.00000000       0.00000000       0.00000000       0.00000000    
   0.00000000       0.00000000       0.00000000       0.00000000       0.00000000       0.00000000       0.00000000       0.00000000    
 
   0.00000000       0.00000000       0.00000000       0.00000000       0.00000000       0.00000000       0.00000000       0.00000000    
   0.00000000       0.00000000       0.00000000       0.00000000       0.00000000       0.00000000       0.00000000       0.00000000    
   0.00000000       0.00000000       0.00000000       0.00000000       0.00000000       0.00000000       0.00000000       0.00000000    
 
   0.00000000       0.00000000       0.00000000       0.00000000       0.00000000       0.00000000       0.00000000       0.00000000    
   0.00000000       0.00000000       0.00000000       0.00000000       0.00000000       0.00000000       0.00000000       0.00000000    
   0.00000000       0.00000000       0.00000000       0.00000000       0.00000000       0.00000000       0.00000000       0.00000000    
 
   0.00000000       0.00000000       0.00000000       0.00000000       0.00000000       0.00000000       0.00000000       0.00000000    
   0.00000000       0.00000000       0.00000000       0.00000000       0.00000000       0.00000000       0.00000000       0.00000000    
   0.00000000       0.00000000       0.00000000       0.00000000       0.00000000       0.00000000       0.00000000       0.00000000    
 
   0.00000000       0.00000000       0.00000000       0.00000000       0.00000000       0.00000000       0.00000000       0.00000000    
   0.00000000       0.00000000       0.00000000       0.00000000       0.00000000       0.00000000       0.00000000       0.00000000    
   0.00000000       0.00000000       0.00000000       0.00000000       0.00000000       0.00000000       0.00000000       0.00000000    
 
   0.00000000       0.00000000       0.00000000       0.00000000       0.00000000       0.00000000       0.00000000       0.00000000    
   0.00000000       0.00000000       0.00000000       0.00000000       0.00000000       0.00000000       0.00000000       0.00000000    
   0.00000000       0.00000000       0.00000000       0.00000000       0.00000000       0.00000000       0.00000000       0.00000000    
 
   0.00000000       0.00000000       0.00000000       0.00000000       0.00000000       0.00000000       0.00000000       0.00000000    
   0.00000000       0.00000000       0.00000000       0.00000000       0.00000000       0.00000000       0.00000000       0.00000000    
   0.00000000       0.00000000       0.00000000       0.00000000       0.00000000       0.00000000       0.00000000       0.00000000    
 
   0.00000000       0.00000000       0.00000000       0.00000000       0.00000000       0.00000000       0.00000000       0.00000000    
   0.00000000       0.00000000       0.00000000       0.00000000       0.00000000       0.00000000       0.00000000       0.00000000    
   0.00000000       0.00000000       0.00000000       0.00000000       0.00000000       0.00000000       0.00000000       0.00000000    
 
