 Integrating base case
 Done.
 Integrating finite diff first order with step    1.00000000000000000000000000000000001E-0013
 Done
 Integrating finite diff second order with step    1.00000000000000000000000000000000001E-0013
 Done
 FINAL TIME
   769845939.18506300     
 FINAL STATE
  -5950.3185718789746        21869.576312431967       -67348.487833324150       -7.1671836874398709E-002   1.2520238460673832E-002   1.0421264277531270E-002   769845939.18506300        1.0000000000000000     
 FD THEN ANALYTIC STM THEN NORMALIZED ERROR
  -19986.2617       1998.55334       2121.87354      -297949.062      -53047.6523       68587.0391       0.00000000       0.00000000    
 -0.252287596      0.751731098      -1.29080641      -413930.406      -12645.9014      -51244.5664      -3.75846066E-02  -41349.6328    
  -79219.1484      -2657.60132       1644.83557      0.280195326      -3.19484973       2.33842564       1.00000000       1.00000000    
 
  -17323.8535      -2156.53320       1943.02795      -104916.141      -254162.297      -115021.758       0.00000000       0.00000000    
 -0.352534264      0.710713744      0.832822025      -127105.609      -231463.109      -182978.859       4.82682185E-03   7223.30127    
  -49139.9062       3035.32056      -2332.06494      0.174575016      -9.80682522E-02  0.371393204       1.00000000       1.00000000    
 
  -8179.47510      -2372.48584       9596.66211      -119291.219      -168331.000      -64037.2539       0.00000000       0.00000000    
 -0.233257547     -0.265287519       1.32767618      -128672.078      -165277.625      -95795.1328      -1.22674098E-02   6012.33984    
  -35065.2812      -8942.07422      -7227.16553       7.29052052E-02  -1.84741821E-02  0.331518680       1.00000000       1.00000000    
 
   3.85283977E-02  -6.60129264E-02  -5.90289459E-02  0.825833857      -8.30648318E-02 -0.644723654       0.00000000       0.00000000    
   2.17764864E-06   5.37776259E-07   1.89569528E-06  0.865115345     -0.255729198     -0.313879550       1.64463628E-07   2.27801409E-02
  -17691.6602       122752.664       31139.4160       4.54061069E-02  0.675184369      -1.05404794       1.00000000       1.00000000    
 
  0.255924225      -7.10939988E-02 -0.192345500     -0.595098734      0.767401457      0.619173050       0.00000000       0.00000000    
  -2.01441844E-06   3.99253577E-06  -3.76508819E-06 -0.960236073      0.966711938      -5.66858239E-03  -3.00528029E-07 -0.430629283    
   127047.211       17807.7285      -51085.5859      0.380257875      0.206173569       110.228912       1.00000000       1.00000000    
 
 -0.193731532       1.70362685E-02  0.144865051      -4.82411757E-02  -1.77966928      0.177482247       0.00000000       0.00000000    
   1.82333952E-06  -5.42234147E-06   1.25047718E-05   9.52865754E-04  -1.77336061      -4.93011205E-03  -1.26829818E-08  0.666431248    
   106251.938       3142.86548      -11583.7812       51.6274643      -3.55747133E-03   36.9996376       1.00000000       1.00000000    
 
   0.00000000       0.00000000       0.00000000       0.00000000       0.00000000       0.00000000       0.00000000       0.00000000    
   0.00000000       0.00000000       0.00000000       0.00000000       0.00000000       0.00000000       1.00000000       576930.000    
   0.00000000       0.00000000       0.00000000       0.00000000       0.00000000       0.00000000       1.00000000       1.00000000    
 
   0.00000000       0.00000000       0.00000000       0.00000000       0.00000000       0.00000000       0.00000000       0.00000000    
   0.00000000       0.00000000       0.00000000       0.00000000       0.00000000       0.00000000       0.00000000       1.00000000    
   0.00000000       0.00000000       0.00000000       0.00000000       0.00000000       0.00000000       0.00000000       1.00000000    
 
 FD THEN ANALYTIC STT THEN NORMALIZED ERROR
 PAGE           1
   4.72800602E-05  -5.29199060E-05   9.29535454E-05   3.67484951      -2.67236042      -6.40747213       0.00000000       0.00000000    
   3.35596633E-05  -4.63618671E-05   7.90416670E-05   6.60496283      -3.98339057      -1.63024068       1.77172558E-06   1.25635076    
 -0.408835858     -0.141453266     -0.176006898      0.443622977      0.329124182      -2.93038440       1.00000000       1.00000000    
 
  -5.97163853E-05   2.06573077E-05  -2.80360382E-05  -14.3784180      -2.75866723       4.18445301       0.00000000       0.00000000    
  -4.63618671E-05   1.16531810E-05  -1.11894879E-05  -16.6658745      -1.44415271     -0.217901260      -4.36012579E-06  0.310259253    
 -0.288049638     -0.772675455      -1.50556946      0.137253881     -0.910232425       20.2034359       1.00000000       1.00000000    
 
   9.22599866E-05  -1.91652271E-05   9.24914784E-05   24.2173920       5.44087663E-02  -4.76284504       0.00000000       0.00000000    
   7.90416670E-05  -1.11894879E-05   7.78364411E-05   27.5634060      -1.85809457       1.06973982       2.17225534E-06   1.09368348    
 -0.167232364     -0.712788641     -0.188279927      0.121393368       1.02928197       5.45233965       1.00000000       1.00000000    
 
   16.5670719      -20.6645184       36.9699135       1151654.12      -1334627.62      -950138.312       0.00000000       0.00000000    
   6.60496283      -16.6658745       27.5634060       1793873.50      -1498232.62      -331825.906      0.735738277       499111.000    
  -1.50827646     -0.239930093     -0.341268003      0.358007044      0.109198593      -1.86336374       1.00000000       1.00000000    
 
  -1.24019706      -1.54498935     -0.417152226      -1576793.62       1119853.75       629550.562       0.00000000       0.00000000    
  -3.98339057      -1.44415271      -1.85809457      -1498232.62       1271505.38       396219.031     -0.564000726      -147537.844    
  0.688657939      -6.98240623E-02  0.775494635      -5.24358042E-02  0.119269319     -0.588895321       1.00000000       1.00000000    
 
  0.953827083     -0.954821348       3.01257014      -250842.109       434851.156       1218237.00       0.00000000       0.00000000    
  -1.63024068     -0.217901260       1.06973982      -331825.906       396219.031       1096184.50      -6.87575489E-02  -181086.531    
   1.58508360      -3.38189936      -1.81617105      0.244055092      -9.75019112E-02 -0.111342974       1.00000000       1.00000000    
 
   4.64213144E-06  -5.43581746E-06   4.71454132E-06  0.589027882     -0.518851340     -0.177107781       0.00000000       0.00000000    
   1.77172558E-06  -4.36012579E-06   2.17225534E-06  0.735738277     -0.564000726      -6.87575489E-02   5.87305031E-08   9.48840007E-02
  -1.62011874     -0.246711165      -1.17034411      0.199405715       8.00519362E-02  -1.57583034       1.00000000       1.00000000    
 
   2.89700222     -0.294158429       2.55228639       439944.938      -121727.133      -237697.938       0.00000000       0.00000000    
   1.25635076      0.310259253       1.09368348       499111.000      -147537.844      -181086.531       9.48840007E-02   13142.5469    
  -1.30588651       1.94810534      -1.33366084      0.118542902      0.174942955     -0.312620729       1.00000000       1.00000000    
 
 PAGE           2
   5.09475115E-07  -2.07163453E-06   1.60554882E-05  -2.04857802       1.03302145      0.599345028       0.00000000       0.00000000    
   2.27170358E-06  -6.34156322E-06   2.25653348E-05  -1.68556631      0.812140405       1.21780860      -3.35102050E-06  -1.16217840    
  0.775729954      0.673324287      0.288488805     -0.215364844     -0.271973968      0.507849514       1.00000000       1.00000000    
 
  -5.47181980E-06  -3.39433900E-05   3.55374286E-05  0.824898899      -12.6711683      -7.35280228       0.00000000       0.00000000    
  -6.34156322E-06  -3.29787908E-05   3.29872273E-05   1.03125525      -12.1309414      -7.86748743       7.95602432E-07   2.30341363    
  0.137149647      -2.92491652E-02  -7.73086995E-02  0.200102106      -4.45330441E-02   6.54192045E-02   1.00000000       1.00000000    
 
   4.99316229E-05   2.72759680E-05  -2.39332003E-05 -0.597116232       23.6015301       10.8348808       0.00000000       0.00000000    
   2.25653348E-05   3.29872273E-05  -4.15902141E-05 -0.132535040       23.2885323       10.5469866      -3.19801438E-06  -2.17219234    
  -1.21275783      0.173135489      0.424547315      -3.50534606      -1.34399841E-02  -2.72963811E-02   1.00000000       1.00000000    
 
  0.351714432       1.25364673      0.601366758      -2023950.25       349157.875       382735.438       0.00000000       0.00000000    
  -1.68556631       1.03125525     -0.132535040      -2077242.88       473804.594       106006.242     -0.567145586      -553989.000    
   1.20866251     -0.215651289       5.53741741       2.56554559E-02  0.263076186      -2.61049914       1.00000000       1.00000000    
 
  -3.52737021      -10.2304554       19.4241905       382473.312      -3216615.75      -1319262.88       0.00000000       0.00000000    
  0.812140405      -12.1309414       23.2885323       473804.594      -3087579.50      -1274903.88     -0.171734884       557725.125    
   5.34330130      0.156664357      0.165933311      0.192761526      -4.17920612E-02  -3.47939990E-02   1.00000000       1.00000000    
 
  -2.46472430      -6.07039881       6.88714504       73845.1094      -1308957.12      -1129141.50       0.00000000       0.00000000    
   1.21780860      -7.86748743       10.5469866       106006.242      -1274903.88      -999106.062     -0.327632159      -3270.37524    
   3.02390122      0.228419632      0.347003549      0.303389072      -2.67104879E-02 -0.130151778       1.00000000       1.00000000    
 
  -2.36364508E-06   8.23536311E-07  -2.74227546E-06 -0.487347752     -0.262972474      -8.35856795E-02   0.00000000       0.00000000    
  -3.35102050E-06   7.95602432E-07  -3.19801438E-06 -0.567145586     -0.171734884     -0.327632159      -2.12382204E-07 -0.173383638    
  0.294649154      -3.51103507E-02  0.142506868      0.140700802     -0.531270027      0.744879484       1.00000000       1.00000000    
 
  -1.69878054       2.77118182      -2.97209930      -506025.250       539303.500       42702.7305       0.00000000       0.00000000    
  -1.16217840       2.30341363      -2.17219234      -553989.000       557725.125      -3270.37524     -0.173383638      -248442.953    
 -0.461720973     -0.203076065     -0.368248731       8.65788981E-02   3.30298729E-02   14.0574408       1.00000000       1.00000000    
 
 PAGE           3
   3.40470683E-06  -1.80935149E-05   4.58784816E-05 -0.566366971      -2.50663781     -0.791145384       0.00000000       0.00000000    
   4.66330721E-06  -1.98030230E-05   4.90663442E-05 -0.388959080      -3.07301140      0.312377304      -1.22041763E-06   1.05193925    
  0.269894361       8.63256529E-02   6.49704039E-02 -0.456109405      0.184305727       3.53265977       1.00000000       1.00000000    
 
  -1.74445086E-05   1.50394490E-05  -5.28940618E-05  -3.63797975       2.03766131      -5.01920176       0.00000000       0.00000000    
  -1.98030230E-05   1.55564539E-05  -5.45798175E-05  -3.45590854       2.32926607      -5.45727921      -7.47247213E-07  -3.12831140    
  0.119098753       3.32340449E-02   3.08860522E-02  -5.26840203E-02  0.125191689       8.02739859E-02   1.00000000       1.00000000    
 
   7.02976031E-05  -6.17723927E-05   1.45833197E-04   9.77583122      -7.08333683       4.53430605       0.00000000       0.00000000    
   4.90663442E-05  -5.45798175E-05   1.27363019E-04   10.7184114      -7.32737970       5.16956043       8.07020740E-07   7.21437788    
 -0.432705224     -0.131780893     -0.145019993       8.79402310E-02   3.33055668E-02  0.122883663       1.00000000       1.00000000    
 
   1.34664524      -3.61735153       11.7286558      -735697.312      -888011.375      -402302.250       0.00000000       0.00000000    
 -0.388959080      -3.45590854       10.7184114      -742046.250      -919244.312      -335874.469     -0.111712381       549.736877    
   4.46217728      -4.67150547E-02  -9.42532420E-02   8.55596457E-03   3.39767560E-02 -0.197775647       1.00000000       1.00000000    
 
  -6.96977520       4.42347050      -11.5764151      -804367.125       648181.688      -261285.000       0.00000000       0.00000000    
  -3.07301140       2.32926607      -7.32737970      -919244.312       716351.062      -353736.031     -0.578457713      -1023104.94    
  -1.26806033     -0.899083555     -0.579884708      0.124969132       9.51620117E-02  0.261355996       1.00000000       1.00000000    
 
  -2.76644444      -3.84113669       1.90541303      -334454.031      -356769.094      -1035425.62       0.00000000       0.00000000    
  0.312377304      -5.45727921       5.16956043      -335874.469      -353736.031      -883430.250     -0.373466611      -2844.32959    
   9.85610008      0.296144366      0.631416798       4.22901660E-03  -8.57432093E-03 -0.172051311       1.00000000       1.00000000    
 
  -4.42039635E-07  -8.30498664E-07   1.29437205E-06  -8.46528932E-02 -0.617372096     -0.275238574       0.00000000       0.00000000    
  -1.22041763E-06  -7.47247213E-07   8.07020740E-07 -0.111712381     -0.578457713     -0.373466611      -7.52293445E-08  -7.31719285E-03
  0.637796402     -0.111410886     -0.603889406      0.242224604      -6.72726110E-02  0.263016939       1.00000000       1.00000000    
 
  0.700501919      -2.86290526       6.83116007       42018.2500      -1063329.75       93156.8125       0.00000000       0.00000000    
   1.05193925      -3.12831140       7.21437788       549.736877      -1023104.94      -2844.32959      -7.31719285E-03   384484.188    
  0.334085226       8.48400369E-02   5.31186387E-02  -75.4333878      -3.93164046E-02   33.7517662       1.00000000       1.00000000    
 
 PAGE           4
   1.47016274E-10  -5.52685675E-11   1.67509534E-10  -2.25527401E-06  -9.19841114E-06   3.68959331E-06   0.00000000       0.00000000    
  -1.04109343E-11  -2.01371801E-11   6.51104656E-11   1.80060141E-07  -5.80789538E-06   9.99317763E-07  -5.60583210E-13   1.54975703E-06
  -1.57427210E-10   3.51313874E-11  -1.02399068E-10   13.5251160     -0.583777070      -2.69211197      -5.60583210E-13   1.00000000    
 
  -2.07471637E-10   1.13647300E-10  -3.24381216E-10  -1.92545231E-05   5.74733576E-06   2.38255325E-06   0.00000000       0.00000000    
  -2.01371801E-11   6.53982979E-11  -1.93666388E-10  -2.82043329E-05   7.64220113E-06  -5.16451109E-06  -3.86852226E-12  -8.09750782E-06
   1.87334454E-10  -4.82489951E-11 -0.674948394      0.317320377      0.247947589       1.46133173      -3.86852226E-12   1.00000000    
 
   2.72738342E-11  -2.15195389E-10   4.96128860E-10   4.99581547E-05  -1.12144589E-05   2.16848707E-06   0.00000000       0.00000000    
   6.51104656E-11  -1.93666388E-10   4.43831305E-10   5.65313130E-05  -2.40314403E-05   5.24496215E-07   7.93389052E-12   1.90116516E-05
   3.78366262E-11 -0.111165352     -0.117832012      0.116274595      0.533342183      -3.13441873       7.93389052E-12   1.00000000    
 
   1.08941393E-04  -5.70813463E-05   1.36118804E-04  -6.89946651      -7.83134651      -3.07155061       0.00000000       0.00000000    
   1.80060141E-07  -2.82043329E-05   5.65313130E-05  -3.03224921      -7.30556774      -2.52500582       2.72765533E-06   3.86657119    
  -604.027832      -1.02385020      -1.40784788      -1.27536273      -7.19696060E-02 -0.216452837       1.00000000       1.00000000    
 
   4.72468892E-05  -2.21533332E-06   4.06594199E-06  -8.25161648      0.461338818      -1.18357146       0.00000000       0.00000000    
  -5.80789538E-06   7.64220113E-06  -2.40314403E-05  -7.30556774       2.32018876     -0.478363633       3.97416756E-07 -0.656802297    
   9.13494110       1.28988159       1.16919255     -0.129496917      0.801163256      -1.47420883       1.00000000       1.00000000    
 
   4.46680424E-05  -1.32786272E-05   2.47399112E-05  -3.88040137      -1.65065742      -3.21002793       0.00000000       0.00000000    
   9.99317763E-07  -5.16451109E-06   5.24496215E-07  -2.52500582     -0.478363633      -2.01909304       4.13388278E-07   3.41712348E-02
  -43.6985321      -1.57112944      -46.1689034     -0.536789060      -2.45063329     -0.589836657       1.00000000       1.00000000    
 
   1.89413121E-11  -1.21965632E-11   2.98548582E-11   1.52635528E-06   1.22624942E-06   3.92023054E-07   0.00000000       0.00000000    
  -5.60583210E-13  -3.86852226E-12   7.93389052E-12   2.72765533E-06   3.97416756E-07   4.13388278E-07   1.20345628E-12   9.13265239E-07
  -1.95018949E-11   8.32804051E-12  -2.19209668E-11  0.440414876      -2.08555031       5.16832173E-02   1.20345628E-12   1.00000000    
 
   1.52338644E-05  -1.32323348E-05   3.27442685E-05   2.63974881       7.96596780E-02 -0.895750105       0.00000000       0.00000000    
   1.54975703E-06  -8.09750782E-06   1.90116516E-05   3.86657119     -0.656802297       3.41712348E-02   9.13265239E-07  0.784286737    
  -8.82984066     -0.634124339     -0.722326458      0.317289472       1.12128413       27.2135735       1.00000000       1.00000000    
 
 PAGE           5
   1.44276008E-10  -1.07007216E-10   1.17278590E-10   3.51547060E-05   4.23196025E-06  -1.23183518E-05   0.00000000       0.00000000    
   1.55900293E-10  -1.09408649E-10   1.31196137E-10   4.22259363E-05   3.16581827E-06   5.56033729E-06   5.78912049E-12   1.26203429E-06
   7.45622963E-02   2.19492130E-02  0.106081992      0.167461738     -0.336766571       3.21539640       5.78912049E-12   1.00000000    
 
  -1.49154661E-10   1.04982432E-10   6.86523616E-11  -3.35817167E-05  -2.38933299E-05  -8.33306694E-06   0.00000000       0.00000000    
  -1.09408649E-10   9.64952770E-11   8.67252034E-11  -3.57231984E-05  -2.47665903E-05  -1.70497988E-05  -3.90306450E-12  -7.31513353E-07
 -0.363280416      -8.48715802E-12   1.80728401E-11   5.99465370E-02   3.52595672E-02  0.511251330      -3.90306450E-12   1.00000000    
 
   4.99699504E-10  -1.61529453E-11  -1.86537799E-11   3.50671107E-05   6.89678345E-05   2.64009777E-05   0.00000000       0.00000000    
   1.31196137E-10   8.67252034E-11  -2.84615831E-10   5.12567276E-05   5.98056031E-05   4.07943298E-05   7.63048392E-12  -6.71464977E-06
  -2.80879736       1.02878150E-10  0.934459805      0.315853506     -0.153200299      0.352827251       7.63048392E-12   1.00000000    
 
   9.50108879E-05  -4.73777618E-05   7.92775172E-05   14.9265308      0.722358465      -4.83782482       0.00000000       0.00000000    
   4.22259363E-05  -3.57231984E-05   5.12567276E-05   18.0277348       2.00355148       1.81883979       2.42286160E-06  0.187999740    
  -1.25005996     -0.326246440     -0.546675384      0.172023997      0.639460981       3.65984106       1.00000000       1.00000000    
 
  -3.32373929E-05  -1.16925130E-05   2.71897061E-05   2.71645379      -1.74338973      -1.74455416       0.00000000       0.00000000    
   3.16581827E-06  -2.47665903E-05   5.98056031E-05   2.00355148     -0.299173892     -0.644383490      -2.07257449E-06   1.02477455    
   11.4988317      0.527891695      0.545365214     -0.355819315      -4.82734585      -1.70732284       1.00000000       1.00000000    
 
  -2.11112128E-05  -6.80980202E-06   1.51011045E-05   3.33547163      -1.65193927       4.99061060       0.00000000       0.00000000    
   5.56033729E-06  -1.70497988E-05   4.07943298E-05   1.81883979     -0.644383490       5.00367594      -1.46024615E-06  0.691024840    
   4.79675055      0.600593448      0.629823446     -0.833845735      -1.56359661       2.61112861E-03   1.00000000       1.00000000    
 
   3.04710701E-11  -8.75673145E-12   1.99995350E-11   1.21912376E-06  -2.36943697E-06  -3.45834724E-06   0.00000000       0.00000000    
   5.78912049E-12  -3.90306450E-12   7.63048392E-12   2.42286160E-06  -2.07257449E-06  -1.46024615E-06   7.41130681E-13  -1.79058887E-07
  -2.46819475E-11   4.85366695E-12  -1.23690520E-11  0.496824861     -0.143233627      -1.36833167       7.41130681E-13   1.00000000    
 
   1.40799611E-05  -1.56612214E-06  -4.14875922E-06  0.140766472      0.375706106      -9.55611467E-02   0.00000000       0.00000000    
   1.26203429E-06  -7.31513353E-07  -6.71464977E-06  0.187999740       1.02477455      0.691024840      -1.79058887E-07 -0.165963307    
  -10.1565599      -1.14093459      0.382133186      0.251241177      0.633376837       1.13828897       1.00000000       1.00000000    
 
 PAGE           6
  -2.33038588E-10   2.43152911E-11   5.43656266E-11  -8.16483225E-05  -1.90507035E-05  -1.05184790E-06   0.00000000       0.00000000    
  -2.47160015E-10   5.28285879E-12   8.33449490E-11  -9.19206141E-05  -1.41027713E-05  -1.29983318E-05  -1.56246995E-11  -3.26660415E-06
   5.71347959E-02  -1.90324319E-11   2.89793259E-11  0.111751735     -0.350848198      0.919078231      -1.56246995E-11   1.00000000    
 
  -4.34218772E-11  -9.01838812E-11  -1.83534521E-10   3.52500210E-05  -4.83151871E-06  -1.49859306E-05   0.00000000       0.00000000    
   5.28285879E-12  -8.25971305E-11  -1.92544661E-10   3.76426142E-05  -1.11378904E-05  -1.70178500E-05   4.99505472E-12  -2.69123348E-06
   4.87047347E-11   7.58674894E-12   4.67950366E-02   6.35608435E-02  0.566208780      0.119399279       4.99505472E-12   1.00000000    
 
   4.19079244E-10  -2.74303191E-10   4.36048198E-10  -5.53961472E-05   3.62270875E-05   2.65655490E-05   0.00000000       0.00000000    
   8.33449490E-11  -1.92544661E-10   1.94745650E-10  -4.73965447E-05   3.79530502E-05   2.19683297E-05  -6.09423536E-12   1.22487745E-05
  -3.35734301E-10 -0.424621165      -1.23906517     -0.168780327       4.54763249E-02 -0.209265709      -6.09423536E-12   1.00000000    
 
  -3.93528135E-05   3.45739209E-05  -2.86762006E-05  -45.4001198      -8.90481281      -1.02508914       0.00000000       0.00000000    
  -9.19206141E-05   3.76426142E-05  -4.73965447E-05  -48.7956810      -4.35239267      -6.80440140      -3.60363038E-06  -2.83027005    
  0.571882606       8.15218240E-02  0.394972742       6.95872903E-02  -1.04595816      0.849349082       1.00000000       1.00000000    
 
  -5.48646203E-05   6.60170554E-06  -3.54156964E-06  -2.17426443      -24.6942806      -8.55739689       0.00000000       0.00000000    
  -1.41027713E-05  -1.11378904E-05   3.79530502E-05  -4.35239267      -22.2621803      -9.63163948      -9.02361421E-07  -1.81665802    
  -2.89034319       1.59272492       1.09331453      0.500443876     -0.109248072      0.111532681       1.00000000       1.00000000    
 
  -3.89068555E-05  -3.28478995E-06  -8.43774706E-06  -6.58688068      -11.1946850      -17.7635956       0.00000000       0.00000000    
  -1.29983318E-05  -1.70178500E-05   2.19683297E-05  -6.80440140      -9.63163948      -15.9342804      -1.78392600E-06  -1.09241247    
  -1.99321914      0.806979716       1.38408685       3.19676325E-02 -0.162282377     -0.114803702       1.00000000       1.00000000    
 
   1.23106072E-12   2.27940973E-12   3.32217608E-12  -3.44927435E-06  -1.62215804E-06  -9.68844347E-07   0.00000000       0.00000000    
  -1.56246995E-11   4.99505472E-12  -6.09423536E-12  -3.60363038E-06  -9.02361421E-07  -1.78392600E-06  -4.25530027E-13  -3.03982858E-07
  -1.68557598E-11   2.71564477E-12  -9.41641123E-12   4.28334735E-02 -0.797681034      0.456903279      -4.25530027E-13   1.00000000    
 
   3.40195334E-06  -2.65372955E-06   1.44986125E-05  -2.88744450      -2.12009764     -0.718076169       0.00000000       0.00000000    
  -3.26660415E-06  -2.69123348E-06   1.22487745E-05  -2.83027005      -1.81665802      -1.09241247      -3.03982858E-07  -6.91151023E-02
   2.04143405       1.39355483E-02 -0.183678642      -2.02011168E-02 -0.167031810      0.342669398       1.00000000       1.00000000    
 
 PAGE           7
   0.00000000       0.00000000       0.00000000       0.00000000       0.00000000       0.00000000       0.00000000       0.00000000    
   0.00000000       0.00000000       0.00000000       0.00000000       0.00000000       0.00000000       0.00000000       0.00000000    
   0.00000000       0.00000000       0.00000000       0.00000000       0.00000000       0.00000000       0.00000000       0.00000000    
 
   0.00000000       0.00000000       0.00000000       0.00000000       0.00000000       0.00000000       0.00000000       0.00000000    
   0.00000000       0.00000000       0.00000000       0.00000000       0.00000000       0.00000000       0.00000000       0.00000000    
   0.00000000       0.00000000       0.00000000       0.00000000       0.00000000       0.00000000       0.00000000       0.00000000    
 
   0.00000000       0.00000000       0.00000000       0.00000000       0.00000000       0.00000000       0.00000000       0.00000000    
   0.00000000       0.00000000       0.00000000       0.00000000       0.00000000       0.00000000       0.00000000       0.00000000    
   0.00000000       0.00000000       0.00000000       0.00000000       0.00000000       0.00000000       0.00000000       0.00000000    
 
   0.00000000       0.00000000       0.00000000       0.00000000       0.00000000       0.00000000       0.00000000       0.00000000    
   0.00000000       0.00000000       0.00000000       0.00000000       0.00000000       0.00000000       0.00000000       0.00000000    
   0.00000000       0.00000000       0.00000000       0.00000000       0.00000000       0.00000000       0.00000000       0.00000000    
 
   0.00000000       0.00000000       0.00000000       0.00000000       0.00000000       0.00000000       0.00000000       0.00000000    
   0.00000000       0.00000000       0.00000000       0.00000000       0.00000000       0.00000000       0.00000000       0.00000000    
   0.00000000       0.00000000       0.00000000       0.00000000       0.00000000       0.00000000       0.00000000       0.00000000    
 
   0.00000000       0.00000000       0.00000000       0.00000000       0.00000000       0.00000000       0.00000000       0.00000000    
   0.00000000       0.00000000       0.00000000       0.00000000       0.00000000       0.00000000       0.00000000       0.00000000    
   0.00000000       0.00000000       0.00000000       0.00000000       0.00000000       0.00000000       0.00000000       0.00000000    
 
   0.00000000       0.00000000       0.00000000       0.00000000       0.00000000       0.00000000       0.00000000       0.00000000    
   0.00000000       0.00000000       0.00000000       0.00000000       0.00000000       0.00000000       0.00000000       0.00000000    
   0.00000000       0.00000000       0.00000000       0.00000000       0.00000000       0.00000000       0.00000000       0.00000000    
 
  -1.74300693E-16   0.00000000       1.80311063E-17  -2.09942181E-14   8.72705563E-16   7.14704988E-14   0.00000000       0.00000000    
   0.00000000       0.00000000       0.00000000       0.00000000       0.00000000       0.00000000       0.00000000       0.00000000    
   1.74300693E-16   0.00000000      -1.80311063E-17   2.09942181E-14  -8.72705563E-16  -7.14704988E-14   0.00000000       0.00000000    
 
 PAGE           8
   0.00000000       0.00000000       0.00000000       0.00000000       0.00000000       0.00000000       0.00000000       0.00000000    
   0.00000000       0.00000000       0.00000000       0.00000000       0.00000000       0.00000000       0.00000000       0.00000000    
   0.00000000       0.00000000       0.00000000       0.00000000       0.00000000       0.00000000       0.00000000       0.00000000    
 
   0.00000000       0.00000000       0.00000000       0.00000000       0.00000000       0.00000000       0.00000000       0.00000000    
   0.00000000       0.00000000       0.00000000       0.00000000       0.00000000       0.00000000       0.00000000       0.00000000    
   0.00000000       0.00000000       0.00000000       0.00000000       0.00000000       0.00000000       0.00000000       0.00000000    
 
   0.00000000       0.00000000       0.00000000       0.00000000       0.00000000       0.00000000       0.00000000       0.00000000    
   0.00000000       0.00000000       0.00000000       0.00000000       0.00000000       0.00000000       0.00000000       0.00000000    
   0.00000000       0.00000000       0.00000000       0.00000000       0.00000000       0.00000000       0.00000000       0.00000000    
 
   0.00000000       0.00000000       0.00000000       0.00000000       0.00000000       0.00000000       0.00000000       0.00000000    
   0.00000000       0.00000000       0.00000000       0.00000000       0.00000000       0.00000000       0.00000000       0.00000000    
   0.00000000       0.00000000       0.00000000       0.00000000       0.00000000       0.00000000       0.00000000       0.00000000    
 
   0.00000000       0.00000000       0.00000000       0.00000000       0.00000000       0.00000000       0.00000000       0.00000000    
   0.00000000       0.00000000       0.00000000       0.00000000       0.00000000       0.00000000       0.00000000       0.00000000    
   0.00000000       0.00000000       0.00000000       0.00000000       0.00000000       0.00000000       0.00000000       0.00000000    
 
   0.00000000       0.00000000       0.00000000       0.00000000       0.00000000       0.00000000       0.00000000       0.00000000    
   0.00000000       0.00000000       0.00000000       0.00000000       0.00000000       0.00000000       0.00000000       0.00000000    
   0.00000000       0.00000000       0.00000000       0.00000000       0.00000000       0.00000000       0.00000000       0.00000000    
 
   0.00000000       0.00000000       0.00000000       0.00000000       0.00000000       0.00000000       0.00000000       0.00000000    
   0.00000000       0.00000000       0.00000000       0.00000000       0.00000000       0.00000000       0.00000000       0.00000000    
   0.00000000       0.00000000       0.00000000       0.00000000       0.00000000       0.00000000       0.00000000       0.00000000    
 
   0.00000000       0.00000000       0.00000000       0.00000000       0.00000000       0.00000000       0.00000000       0.00000000    
   0.00000000       0.00000000       0.00000000       0.00000000       0.00000000       0.00000000       0.00000000       0.00000000    
   0.00000000       0.00000000       0.00000000       0.00000000       0.00000000       0.00000000       0.00000000       0.00000000    
 
