 Integrating base case
 Done.
 Integrating finite diff first order with step    9.99999999999999999999999999999999987E-0016
 Done
 Integrating finite diff second order with step    9.99999999999999999999999999999999987E-0016
 Done
 FINAL TIME
   769845939.18506300     
 FINAL STATE
  -5950.3185718789746        21869.576312431967       -67348.487833324150       -7.1671836874398709E-002   1.2520238460673832E-002   1.0421264277531270E-002   769845939.18506300        1.0000000000000000     
 FD THEN ANALYTIC STM THEN NORMALIZED ERROR
   235529.844      -294099.688      -607178.562       1670598.00       2655329.00      -1029693.94       0.00000000       0.00000000    
 -0.252287596      0.751731098      -1.29080641      -413930.406      -12645.9014      -51244.5664      -3.75846066E-02  -41349.6328    
   933577.750       391230.938      -470385.969       5.03593922       210.975464      -19.0937195       1.00000000       1.00000000    
 
   95676.3438      -122076.102      -157018.344      -2344601.75       1570761.62      -3906000.00       0.00000000       0.00000000    
 -0.352534264      0.710713744      0.832822025      -127105.609      -231463.109      -182978.859       4.82682185E-03   7223.30127    
   271396.875       171766.500       188538.688      -17.4460907       7.78622866      -20.3467274       1.00000000       1.00000000    
 
  -71926.6797       91411.7969       128081.227       78255.4062      -432966.875       852557.375       0.00000000       0.00000000    
 -0.233257547     -0.265287519       1.32767618      -128672.078      -165277.625      -95795.1328      -1.22674098E-02   6012.33984    
  -308356.375       344577.344      -96469.2344       1.60817707      -1.61963403       9.89979839       1.00000000       1.00000000    
 
   8.71277046      -11.3131628      -8.20829678      -4.05373096      -5.88125038       3.08504391       0.00000000       0.00000000    
   2.17764864E-06   5.37776259E-07   1.89569528E-06  0.865115345     -0.255729198     -0.313879550       1.64463628E-07   2.27801409E-02
  -4000998.50       21036934.0       4329967.50       5.68576956      -21.9979630       10.8287506       1.00000000       1.00000000    
 
   7.34283924      -9.77036953      0.742629170       3.11344528       24.0561390      -3.95826602       0.00000000       0.00000000    
  -2.01441844E-06   3.99253577E-06  -3.76508819E-06 -0.960236073      0.966711938      -5.66858239E-03  -3.00528029E-07 -0.430629283    
   3645142.25       2447160.00       197241.859       4.24237490      -23.8844948      -697.281494       1.00000000       1.00000000    
 
  -5.12975979       6.72320127       2.77654910      -4.29428387      -11.0799484      -1.81063581       0.00000000       0.00000000    
   1.82333952E-06  -5.42234147E-06   1.25047718E-05   9.52865754E-04  -1.77336061      -4.93011205E-03  -1.26829818E-08  0.666431248    
   2813388.00       1239908.38      -222038.156       4507.70361      -5.24799490      -366.260590       1.00000000       1.00000000    
 
   0.00000000       0.00000000       0.00000000       0.00000000       0.00000000       0.00000000       0.00000000       0.00000000    
   0.00000000       0.00000000       0.00000000       0.00000000       0.00000000       0.00000000       1.00000000       576930.000    
   0.00000000       0.00000000       0.00000000       0.00000000       0.00000000       0.00000000       1.00000000       1.00000000    
 
   0.00000000       0.00000000       0.00000000       0.00000000       0.00000000       0.00000000       0.00000000       0.00000000    
   0.00000000       0.00000000       0.00000000       0.00000000       0.00000000       0.00000000       0.00000000       1.00000000    
   0.00000000       0.00000000       0.00000000       0.00000000       0.00000000       0.00000000       0.00000000       1.00000000    
 
 FD THEN ANALYTIC STT THEN NORMALIZED ERROR
 PAGE           1
   3.09920979E-05  -6.22031366E-05   1.03929196E-04   9.75602627      -27.4379559      -41.5695152       0.00000000       0.00000000    
   3.35596633E-05  -4.63618671E-05   7.90416670E-05   6.60496283      -3.98339057      -1.63024068       1.77172558E-06   1.25635076    
   7.65075162E-02 -0.341687411     -0.314865977     -0.477075249      -5.88809109      -24.4990044       1.00000000       1.00000000    
 
  -2.88053780E-05   3.82971994E-05  -4.88875230E-05  -50.8065071       41.0241241       32.3605423       0.00000000       0.00000000    
  -4.63618671E-05   1.16531810E-05  -1.11894879E-05  -16.6658745      -1.44415271     -0.217901260      -4.36012579E-06  0.310259253    
  0.378683835      -2.28641582      -3.36905813      -2.04853535       29.4070549       149.510117       1.00000000       1.00000000    
 
   7.70888291E-05  -2.79140331E-05   1.02815800E-04   41.6029739      -24.0617752       1.26357043       0.00000000       0.00000000    
   7.90416670E-05  -1.11894879E-05   7.78364411E-05   27.5634060      -1.85809457       1.06973982       2.17225534E-06   1.09368348    
   2.47063562E-02  -1.49466586     -0.320921123     -0.509355307      -11.9497042     -0.181194201       1.00000000       1.00000000    
 
   7.47905254      -25.8419285       43.0920143      -4640263.00      -3676896.25      -25405948.0       0.00000000       0.00000000    
   6.60496283      -16.6658745       27.5634060       1793873.50      -1498232.62      -331825.906      0.735738277       499111.000    
 -0.132338390     -0.550589442     -0.563377678       3.58672786      -1.45415592      -75.5640869       1.00000000       1.00000000    
 
  0.142239511     -0.735262811      -1.37016892      -12105470.0       12720971.0      -15654476.0       0.00000000       0.00000000    
  -3.98339057      -1.44415271      -1.85809457      -1498232.62       1271505.38       396219.031     -0.564000726      -147537.844    
   1.03570819      0.490869075      0.262594581      -7.07983351      -9.00465393       40.5096512       1.00000000       1.00000000    
 
  0.218391672      -1.36111867       3.49542189      -3215222.00       5430732.50      -18561120.0       0.00000000       0.00000000    
  -1.63024068     -0.217901260       1.06973982      -331825.906       396219.031       1096184.50      -6.87575489E-02  -181086.531    
   1.13396287      -5.24649286      -2.26754403      -8.68948460      -12.7063904       17.9324780       1.00000000       1.00000000    
 
   3.17976060E-06  -6.27316331E-06   5.70392422E-06  -2.37662172       1.99881077      -5.18705940       0.00000000       0.00000000    
   1.77172558E-06  -4.36012579E-06   2.17225534E-06  0.735738277     -0.564000726      -6.87575489E-02   5.87305031E-08   9.48840007E-02
 -0.794725299     -0.438757449      -1.62580740       4.23025417       4.54398632      -74.4398499       1.00000000       1.00000000    
 
   1.52942407      -1.07401001       3.47431970       79366.8281       1914368.25      -7840696.00       0.00000000       0.00000000    
   1.25635076      0.310259253       1.09368348       499111.000      -147537.844      -181086.531       9.48840007E-02   13142.5469    
 -0.217354313       4.46165323      -2.17671418      0.840983629       13.9754391      -42.2980614       1.00000000       1.00000000    
 
 PAGE           2
   2.04807584E-05   9.35737989E-06   2.55177042E-06  -25.6067181       42.7372551      -66.3319702       0.00000000       0.00000000    
   2.27170358E-06  -6.34156322E-06   2.25653348E-05  -1.68556631      0.812140405       1.21780860      -3.35102050E-06  -1.16217840    
  -8.01559448       2.47556376      0.886916339      -14.1917601      -51.6229897       55.4683037       1.00000000       1.00000000    
 
  -1.12334710E-05  -3.72620634E-05   3.94553972E-05  -14.2578125      -9.07262516       27.9338627       0.00000000       0.00000000    
  -6.34156322E-06  -3.29787908E-05   3.29872273E-05   1.03125525      -12.1309414      -7.86748743       7.95602432E-07   2.30341363    
 -0.771404088     -0.129879713     -0.196081087       14.8256874      0.252108693       4.55054426       1.00000000       1.00000000    
 
   5.68639480E-05   3.13215096E-05  -2.86978557E-05  -41.5409088       107.057228      -148.736557       0.00000000       0.00000000    
   2.25653348E-05   3.29872273E-05  -4.15902141E-05 -0.132535040       23.2885323       10.5469866      -3.19801438E-06  -2.17219234    
  -1.51996911       5.04958183E-02  0.309985399      -312.433411      -3.59699321       15.1022797       1.00000000       1.00000000    
 
   1.89982629       2.15783691     -0.463292122      -10444781.0       9240869.00      -31520328.0       0.00000000       0.00000000    
  -1.68556631       1.03125525     -0.132535040      -2077242.88       473804.594       106006.242     -0.567145586      -553989.000    
   2.12711453      -1.09243727      -2.49562001      -4.02819443      -18.5035439       298.344055       1.00000000       1.00000000    
 
  -1.63931680      -9.15423393       18.1518555       786171.688      -5225942.50       11972147.0       0.00000000       0.00000000    
  0.812140405      -12.1309414       23.2885323       473804.594      -3087579.50      -1274903.88     -0.171734884       557725.125    
   3.01851416      0.245381400      0.220566854     -0.659274101     -0.692569435       10.3906279       1.00000000       1.00000000    
 
  0.398221761      -4.43377686       4.95310068       2223567.25       260805.609      -2001687.38       0.00000000       0.00000000    
   1.21780860      -7.86748743       10.5469866       106006.242      -1274903.88      -999106.062     -0.327632159      -3270.37524    
  0.673001349      0.436443090      0.530377626      -19.9758129       1.20456886      -1.00347841       1.00000000       1.00000000    
 
  -1.94617564E-06   1.07124481E-06  -3.03319416E-06  -4.19730759       4.40320873      -11.3648977       0.00000000       0.00000000    
  -3.35102050E-06   7.95602432E-07  -3.19801438E-06 -0.567145586     -0.171734884     -0.327632159      -2.12382204E-07 -0.173383638    
  0.419229001     -0.346457392       5.15383631E-02  -6.40075874       26.6395721      -33.6879807       1.00000000       1.00000000    
 
 -0.747729123       3.32319736      -3.62289715      -632671.188       1160268.00      -8387242.00       0.00000000       0.00000000    
  -1.16217840       2.30341363      -2.17219234      -553989.000       557725.125      -3270.37524     -0.173383638      -248442.953    
  0.356614143     -0.442727178     -0.667852819     -0.142028391      -1.08035815      -2563.61157       1.00000000       1.00000000    
 
 PAGE           3
   1.16054152E-05  -1.33923641E-05   4.03252961E-05 -0.207631066       9.38599491      -61.0294533       0.00000000       0.00000000    
   4.66330721E-06  -1.98030230E-05   4.90663442E-05 -0.388959080      -3.07301140      0.312377304      -1.22041763E-06   1.05193925    
  -1.48866630      0.323721260      0.178147510      0.466187894       4.05433130       196.370972       1.00000000       1.00000000    
 
  -1.24333783E-05   1.78733135E-05  -5.62482528E-05  -29.3809357       34.4024277       19.4102306       0.00000000       0.00000000    
  -1.98030230E-05   1.55564539E-05  -5.45798175E-05  -3.45590854       2.32926607      -5.45727921      -7.47247213E-07  -3.12831140    
  0.372147471     -0.148932442      -3.05687040E-02  -7.50165319      -13.7696428       4.55675983       1.00000000       1.00000000    
 
   5.40530455E-05  -7.10074455E-05   1.56757320E-04   5.65263271       9.17646503      -82.0893250       0.00000000       0.00000000    
   4.90663442E-05  -5.45798175E-05   1.27363019E-04   10.7184114      -7.32737970       5.16956043       8.07020740E-07   7.21437788    
 -0.101631850     -0.300983489     -0.230791509      0.472624004       2.25235295       16.8793621       1.00000000       1.00000000    
 
  0.377169788      -4.15424824       12.3665190      -1032352.62      -1401666.50      -31991846.0       0.00000000       0.00000000    
 -0.388959080      -3.45590854       10.7184114      -742046.250      -919244.312      -335874.469     -0.111712381       549.736877    
   1.96969008     -0.202071249     -0.153764173     -0.391224116     -0.524803042      -94.2494202       1.00000000       1.00000000    
 
  -2.53334045       6.96140909      -14.5753536      -921740.375       2359960.25      -4443488.50       0.00000000       0.00000000    
  -3.07301140       2.32926607      -7.32737970      -919244.312       716351.062      -353736.031     -0.578457713      -1023104.94    
  0.175616294      -1.98867083     -0.989163160      -2.71531707E-03  -2.29441857      -11.5615931       1.00000000       1.00000000    
 
  0.230584770      -2.12475467     -0.122336335       1960773.50       991881.812      -7784678.50       0.00000000       0.00000000    
  0.312377304      -5.45727921       5.16956043      -335874.469      -353736.031      -883430.250     -0.373466611      -2844.32959    
  0.261838883      0.610656798       1.02366471       6.83781672       3.80401683      -7.81187677       1.00000000       1.00000000    
 
  -6.26435735E-07  -9.31163811E-07   1.41430962E-06  -1.53871262       1.77696764      -8.29594040       0.00000000       0.00000000    
  -1.22041763E-06  -7.47247213E-07   8.07020740E-07 -0.111712381     -0.578457713     -0.373466611      -7.52293445E-08  -7.31719285E-03
  0.486703783     -0.246125564     -0.752507150      -12.7738762       4.07190609      -21.2133389       1.00000000       1.00000000    
 
  0.473212063      -2.98943520       6.98138046       1575170.62       556667.375      -983168.125       0.00000000       0.00000000    
   1.05193925      -3.12831140       7.21437788       549.736877      -1023104.94      -2844.32959      -7.31719285E-03   384484.188    
  0.550152659       4.43933718E-02   3.22962515E-02  -2864.31763       1.54409599      -344.658997       1.00000000       1.00000000    
 
 PAGE           4
   4.42460790E-11  -1.00626382E-10   2.23565375E-10  -1.92523119E-04   1.74807166E-04  -5.89102041E-04   0.00000000       0.00000000    
  -1.04109343E-11  -2.01371801E-11   6.51104656E-11   1.80060141E-07  -5.80789538E-06   9.99317763E-07  -5.60583210E-13   1.54975703E-06
  -5.46570116E-11   8.04892056E-11  -1.58454916E-10   1070.21570       31.0981960       590.504211      -5.60583210E-13   1.00000000    
 
  -6.12077194E-11   1.84666282E-10  -4.10625062E-10   1.53785149E-04  -3.43438936E-04   6.59444195E-04   0.00000000       0.00000000    
  -2.01371801E-11   6.53982979E-11  -1.93666388E-10  -2.82043329E-05   7.64220113E-06  -5.16451109E-06  -3.86852226E-12  -8.09750782E-06
   4.10705393E-11  -1.19267984E-10  -1.12027001       6.45253611       45.9397926       128.687622      -3.86852226E-12   1.00000000    
 
   3.11688279E-11  -2.55728744E-10   5.36261424E-10   3.04454206E-05   8.43709975E-04   1.65119252E-06   0.00000000       0.00000000    
   6.51104656E-11  -1.93666388E-10   4.43831305E-10   5.65313130E-05  -2.40314403E-05   5.24496215E-07   7.93389052E-12   1.90116516E-05
   3.39416342E-11 -0.320460141     -0.208255112      0.461441457       36.1085892      -2.14814949       7.93389052E-12   1.00000000    
 
   2.18265304E-05  -1.00464677E-04   1.88570048E-04  -140.008041       232.678986      -372.852753       0.00000000       0.00000000    
   1.80060141E-07  -2.82043329E-05   5.65313130E-05  -3.03224921      -7.30556774      -2.52500582       2.72765533E-06   3.86657119    
  -120.218002      -2.56202960      -2.33567429      -45.1730003       32.8495407      -146.664108       1.00000000       1.00000000    
 
   6.18231979E-06  -1.70379535E-05   2.31622016E-05  -60.5342293      -11.5124598      -168.504120       0.00000000       0.00000000    
  -5.80789538E-06   7.64220113E-06  -2.40314403E-05  -7.30556774       2.32018876     -0.478363633       3.97416756E-07 -0.656802297    
   2.06446815       3.22945642       1.96382916      -7.28604031       5.96186352      -351.251099       1.00000000       1.00000000    
 
   8.89610146E-06  -2.74854265E-05   4.26697516E-05  -42.8299446       6.26730728      -165.579895       0.00000000       0.00000000    
   9.99317763E-07  -5.16451109E-06   5.24496215E-07  -2.52500582     -0.478363633      -2.01909304       4.13388278E-07   3.41712348E-02
  -7.90217400      -4.32198048      -80.3537827      -15.9623146       14.1015549      -81.0070724       1.00000000       1.00000000    
 
   3.26522555E-12  -2.40052943E-11   4.32982226E-11  -3.79874873E-05   1.22786485E-04  -8.00321795E-05   0.00000000       0.00000000    
  -5.60583210E-13  -3.86852226E-12   7.93389052E-12   2.72765533E-06   3.97416756E-07   4.13388278E-07   1.20345628E-12   9.13265239E-07
  -3.82580859E-12   2.01367707E-11  -3.53643330E-11   14.9267921      -307.961517       194.600510       1.20345628E-12   1.00000000    
 
   2.05291417E-06  -2.19620870E-05   4.28474195E-05  -16.8357944       70.6343155      -64.2863464       0.00000000       0.00000000    
   1.54975703E-06  -8.09750782E-06   1.90116516E-05   3.86657119     -0.656802297       3.41712348E-02   9.13265239E-07  0.784286737    
 -0.324668348      -1.71220326      -1.25374544       5.35419273       108.542732       1882.30017       1.00000000       1.00000000    
 
 PAGE           5
   1.05903133E-10  -1.22757859E-10   1.37009001E-10   2.22484479E-04  -4.73481399E-04   1.93229589E-05   0.00000000       0.00000000    
   1.55900293E-10  -1.09408649E-10   1.31196137E-10   4.22259363E-05   3.16581827E-06   5.56033729E-06   5.78912049E-12   1.26203429E-06
  0.320699602     -0.122012421      -4.43066582E-02  -4.26890612       150.560501      -2.47514153       5.78912049E-12   1.00000000    
 
  -9.55823684E-11   1.25910754E-10   4.21483022E-11  -5.73095967E-05   2.18664398E-04   2.22932271E-04   0.00000000       0.00000000    
  -1.09408649E-10   9.64952770E-11   8.67252034E-11  -3.57231984E-05  -2.47665903E-05  -1.70497988E-05  -3.90306450E-12  -7.31513353E-07
  0.126372814      -2.94154805E-11   4.45768977E-11 -0.604268432       9.82900715       14.0753603      -3.90306450E-12   1.00000000    
 
   2.40753556E-10  -1.43660625E-10   1.35820993E-10  -5.16426226E-04   1.17286376E-03  -1.55599357E-03   0.00000000       0.00000000    
   1.31196137E-10   8.67252034E-11  -2.84615831E-10   5.12567276E-05   5.98056031E-05   4.07943298E-05   7.63048392E-12  -6.71464977E-06
 -0.835065901       2.30385822E-10   1.47720814       11.0752878      -18.6112690       39.1423988       7.63048392E-12   1.00000000    
 
   4.17350966E-05  -6.77077041E-05   1.05145387E-04   40.7706337      -214.103119      -149.003983       0.00000000       0.00000000    
   4.22259363E-05  -3.57231984E-05   5.12567276E-05   18.0277348       2.00355148       1.81883979       2.42286160E-06  0.187999740    
   1.16240699E-02 -0.895342827      -1.05134809      -1.26155055       107.861801       82.9225464       1.00000000       1.00000000    
 
  -2.34604272E-06   6.53876759E-06   5.74202977E-06   70.1864624      -198.912582       181.880280       0.00000000       0.00000000    
   3.16581827E-06  -2.47665903E-05   5.98056031E-05   2.00355148     -0.299173892     -0.644383490      -2.07257449E-06   1.02477455    
   1.74105406       1.26401567      0.903988421      -34.0310287      -663.872803       283.254730       1.00000000       1.00000000    
 
  -3.92275084E-08   6.25894700E-06  -1.61373194E-07   58.5208282      -155.128357       91.4390030       0.00000000       0.00000000    
   5.56033729E-06  -1.70497988E-05   4.07943298E-05   1.81883979     -0.644383490       5.00367594      -1.46024615E-06  0.691024840    
   1.00705492       1.36709797       1.00395572      -31.1748123      -239.739197      -17.2743645       1.00000000       1.00000000    
 
   7.43371423E-12  -1.70599507E-11   3.06976389E-11  -8.59355714E-06  -3.15614161E-05  -7.68748432E-05   0.00000000       0.00000000    
   5.78912049E-12  -3.90306450E-12   7.63048392E-12   2.42286160E-06  -2.07257449E-06  -1.46024615E-06   7.41130681E-13  -1.79058887E-07
  -1.64459418E-12   1.31568862E-11  -2.30671558E-11   4.54686260      -14.2281208      -51.6451263       7.41130681E-13   1.00000000    
 
   3.80327219E-06  -3.18541424E-06  -1.46168134E-06  -2.55568480      -52.3186607      -53.7158470       0.00000000       0.00000000    
   1.26203429E-06  -7.31513353E-07  -6.71464977E-06  0.187999740       1.02477455      0.691024840      -1.79058887E-07 -0.165963307    
  -2.01360440      -3.35455394      0.782314599       14.5940866       52.0538292       78.7336044       1.00000000       1.00000000    
 
 PAGE           6
  -1.57518207E-10   7.76115144E-11  -6.78090353E-12  -1.32715038E-04  -8.18210829E-05  -4.81509283E-04   0.00000000       0.00000000    
  -2.47160015E-10   5.28285879E-12   8.33449490E-11  -9.19206141E-05  -1.41027713E-05  -1.29983318E-05  -1.56246995E-11  -3.26660415E-06
  0.362687379      -7.23286500E-11   9.01258582E-11 -0.443800569      -4.80177307      -36.0439301      -1.56246995E-11   1.00000000    
 
  -1.24316078E-11  -9.44016601E-11  -1.82531587E-10  -1.18221898E-04   5.47074014E-04   2.16780798E-04   0.00000000       0.00000000    
   5.28285879E-12  -8.25971305E-11  -1.92544661E-10   3.76426142E-05  -1.11378904E-05  -1.70178500E-05   4.99505472E-12  -2.69123348E-06
   1.77144670E-11   1.18045278E-11   5.20038679E-02   4.14063978       50.1182823       13.7384357       4.99505472E-12   1.00000000    
 
   2.58047556E-10  -3.54972163E-10   5.33512234E-10  -6.66655949E-04   1.10626151E-03  -1.43207889E-03   0.00000000       0.00000000    
   8.33449490E-11  -1.92544661E-10   1.94745650E-10  -4.73965447E-05   3.79530502E-05   2.19683297E-05  -6.09423536E-12   1.22487745E-05
  -1.74702600E-10 -0.843583524      -1.73953366      -13.0654964      -28.1481571       66.1883392      -6.09423536E-12   1.00000000    
 
  -6.30337963E-05   3.14299396E-05  -2.30674432E-05  -101.028824      -73.5758820      -338.355255       0.00000000       0.00000000    
  -9.19206141E-05   3.76426142E-05  -4.73965447E-05  -48.7956810      -4.35239267      -6.80440140      -3.60363038E-06  -2.83027005    
  0.314258337      0.165043697      0.513309598      -1.07044601      -15.9046974      -48.7259407       1.00000000       1.00000000    
 
  -4.02762962E-05   1.84540950E-05  -1.69169871E-05   87.4666672      -251.766693       72.3471603       0.00000000       0.00000000    
  -1.41027713E-05  -1.11378904E-05   3.79530502E-05  -4.35239267      -22.2621803      -9.63163948      -9.02361421E-07  -1.81665802    
  -1.85591364       2.65687537       1.44573450       21.0962276      -10.3091669       8.51140594       1.00000000       1.00000000    
 
  -2.43059458E-05   8.52223366E-06  -2.17661582E-05   56.9994392      -159.469116       4.57531023       0.00000000       0.00000000    
  -1.29983318E-05  -1.70178500E-05   2.19683297E-05  -6.80440140      -9.63163948      -15.9342804      -1.78392600E-06  -1.09241247    
 -0.869928062       1.50078201       1.99079716       9.37684822      -15.5567980       1.28713632       1.00000000       1.00000000    
 
  -8.72109676E-12  -1.46212827E-12   8.10057403E-12  -3.04884325E-05   2.27636920E-05  -9.01089224E-05   0.00000000       0.00000000    
  -1.56246995E-11   4.99505472E-12  -6.09423536E-12  -3.60363038E-06  -9.02361421E-07  -1.78392600E-06  -4.25530027E-13  -3.03982858E-07
  -6.90360226E-12   6.45718288E-12  -1.41948094E-11  -7.46047735       26.2268009      -49.5115814      -4.25530027E-13   1.00000000    
 
  -2.08558140E-06  -4.49777463E-06   1.69149462E-05  -14.8878765       34.7424088      -39.0089912       0.00000000       0.00000000    
  -3.26660415E-06  -2.69123348E-06   1.22487745E-05  -2.83027005      -1.81665802      -1.09241247      -3.03982858E-07  -6.91151023E-02
  0.361544549     -0.671268940     -0.380950034      -4.26023197       20.1243515      -34.7090302       1.00000000       1.00000000    
 
 PAGE           7
   0.00000000       0.00000000       0.00000000       0.00000000       0.00000000       0.00000000       0.00000000       0.00000000    
   0.00000000       0.00000000       0.00000000       0.00000000       0.00000000       0.00000000       0.00000000       0.00000000    
   0.00000000       0.00000000       0.00000000       0.00000000       0.00000000       0.00000000       0.00000000       0.00000000    
 
   0.00000000       0.00000000       0.00000000       0.00000000       0.00000000       0.00000000       0.00000000       0.00000000    
   0.00000000       0.00000000       0.00000000       0.00000000       0.00000000       0.00000000       0.00000000       0.00000000    
   0.00000000       0.00000000       0.00000000       0.00000000       0.00000000       0.00000000       0.00000000       0.00000000    
 
   0.00000000       0.00000000       0.00000000       0.00000000       0.00000000       0.00000000       0.00000000       0.00000000    
   0.00000000       0.00000000       0.00000000       0.00000000       0.00000000       0.00000000       0.00000000       0.00000000    
   0.00000000       0.00000000       0.00000000       0.00000000       0.00000000       0.00000000       0.00000000       0.00000000    
 
   0.00000000       0.00000000       0.00000000       0.00000000       0.00000000       0.00000000       0.00000000       0.00000000    
   0.00000000       0.00000000       0.00000000       0.00000000       0.00000000       0.00000000       0.00000000       0.00000000    
   0.00000000       0.00000000       0.00000000       0.00000000       0.00000000       0.00000000       0.00000000       0.00000000    
 
   0.00000000       0.00000000       0.00000000       0.00000000       0.00000000       0.00000000       0.00000000       0.00000000    
   0.00000000       0.00000000       0.00000000       0.00000000       0.00000000       0.00000000       0.00000000       0.00000000    
   0.00000000       0.00000000       0.00000000       0.00000000       0.00000000       0.00000000       0.00000000       0.00000000    
 
   0.00000000       0.00000000       0.00000000       0.00000000       0.00000000       0.00000000       0.00000000       0.00000000    
   0.00000000       0.00000000       0.00000000       0.00000000       0.00000000       0.00000000       0.00000000       0.00000000    
   0.00000000       0.00000000       0.00000000       0.00000000       0.00000000       0.00000000       0.00000000       0.00000000    
 
   0.00000000       0.00000000       0.00000000       0.00000000       0.00000000       0.00000000       0.00000000       0.00000000    
   0.00000000       0.00000000       0.00000000       0.00000000       0.00000000       0.00000000       0.00000000       0.00000000    
   0.00000000       0.00000000       0.00000000       0.00000000       0.00000000       0.00000000       0.00000000       0.00000000    
 
   0.00000000       0.00000000       0.00000000      -1.42549115E-11  -3.34272670E-12  -4.03944846E-12   0.00000000       0.00000000    
   0.00000000       0.00000000       0.00000000       0.00000000       0.00000000       0.00000000       0.00000000       0.00000000    
   0.00000000       0.00000000       0.00000000       1.42549115E-11   3.34272670E-12   4.03944846E-12   0.00000000       0.00000000    
 
 PAGE           8
   0.00000000       0.00000000       0.00000000       0.00000000       0.00000000       0.00000000       0.00000000       0.00000000    
   0.00000000       0.00000000       0.00000000       0.00000000       0.00000000       0.00000000       0.00000000       0.00000000    
   0.00000000       0.00000000       0.00000000       0.00000000       0.00000000       0.00000000       0.00000000       0.00000000    
 
   0.00000000       0.00000000       0.00000000       0.00000000       0.00000000       0.00000000       0.00000000       0.00000000    
   0.00000000       0.00000000       0.00000000       0.00000000       0.00000000       0.00000000       0.00000000       0.00000000    
   0.00000000       0.00000000       0.00000000       0.00000000       0.00000000       0.00000000       0.00000000       0.00000000    
 
   0.00000000       0.00000000       0.00000000       0.00000000       0.00000000       0.00000000       0.00000000       0.00000000    
   0.00000000       0.00000000       0.00000000       0.00000000       0.00000000       0.00000000       0.00000000       0.00000000    
   0.00000000       0.00000000       0.00000000       0.00000000       0.00000000       0.00000000       0.00000000       0.00000000    
 
   0.00000000       0.00000000       0.00000000       0.00000000       0.00000000       0.00000000       0.00000000       0.00000000    
   0.00000000       0.00000000       0.00000000       0.00000000       0.00000000       0.00000000       0.00000000       0.00000000    
   0.00000000       0.00000000       0.00000000       0.00000000       0.00000000       0.00000000       0.00000000       0.00000000    
 
   0.00000000       0.00000000       0.00000000       0.00000000       0.00000000       0.00000000       0.00000000       0.00000000    
   0.00000000       0.00000000       0.00000000       0.00000000       0.00000000       0.00000000       0.00000000       0.00000000    
   0.00000000       0.00000000       0.00000000       0.00000000       0.00000000       0.00000000       0.00000000       0.00000000    
 
   0.00000000       0.00000000       0.00000000       0.00000000       0.00000000       0.00000000       0.00000000       0.00000000    
   0.00000000       0.00000000       0.00000000       0.00000000       0.00000000       0.00000000       0.00000000       0.00000000    
   0.00000000       0.00000000       0.00000000       0.00000000       0.00000000       0.00000000       0.00000000       0.00000000    
 
   0.00000000       0.00000000       0.00000000       0.00000000       0.00000000       0.00000000       0.00000000       0.00000000    
   0.00000000       0.00000000       0.00000000       0.00000000       0.00000000       0.00000000       0.00000000       0.00000000    
   0.00000000       0.00000000       0.00000000       0.00000000       0.00000000       0.00000000       0.00000000       0.00000000    
 
   0.00000000       0.00000000       0.00000000       0.00000000       0.00000000       0.00000000       0.00000000       0.00000000    
   0.00000000       0.00000000       0.00000000       0.00000000       0.00000000       0.00000000       0.00000000       0.00000000    
   0.00000000       0.00000000       0.00000000       0.00000000       0.00000000       0.00000000       0.00000000       0.00000000    
 
