 Integrating base case
 Done.
 Integrating finite diff first order with step    9.99999999999999999999999999999999943E-0004
 Done
 Integrating finite diff second order with step    9.99999999999999999999999999999999943E-0004
 Done
 FINAL TIME
   769845939.18506300     
 FINAL STATE
  -5950.3185718789746        21869.576312431967       -67348.487833324150       -7.1671836874398709E-002   1.2520238460673832E-002   1.0421264277531270E-002   769845939.18506300        1.0000000000000000     
 FD THEN ANALYTIC STM THEN NORMALIZED ERROR
 -0.252299517      0.751741290      -1.29080117      -413930.406      -12645.9014      -51244.5664       0.00000000       0.00000000    
 -0.252287596      0.751731098      -1.29080641      -413930.406      -12645.9014      -51244.5664      -3.75846066E-02  -41349.6328    
  -4.72104548E-05  -1.36046519E-05   4.02961359E-06   2.27820714E-11   2.27125818E-10   1.48417334E-10   1.00000000       1.00000000    
 
 -0.352538973      0.710717142      0.832826138      -127105.609      -231463.109      -182978.859       0.00000000       0.00000000    
 -0.352534264      0.710713744      0.832822025      -127105.609      -231463.109      -182978.859       4.82682185E-03   7223.30127    
  -1.33628300E-05  -4.78830862E-06  -4.88866317E-06   2.05650739E-11   8.17399100E-12   1.57557647E-11   1.00000000       1.00000000    
 
 -0.233259499     -0.265285552       1.32767785      -128672.078      -165277.625      -95795.1328       0.00000000       0.00000000    
 -0.233257547     -0.265287519       1.32767618      -128672.078      -165277.625      -95795.1328      -1.22674098E-02   6012.33984    
  -8.34134789E-06   7.41156691E-06  -1.29621469E-06  -7.23158035E-12   1.57436772E-11  -2.02201433E-11   1.00000000       1.00000000    
 
   2.17767047E-06   5.37755852E-07   1.89569482E-06  0.865115345     -0.255729198     -0.313879550       0.00000000       0.00000000    
   2.17764864E-06   5.37776259E-07   1.89569528E-06  0.865115345     -0.255729198     -0.313879550       1.64463628E-07   2.27801409E-02
  -1.00622856E-05   3.78612422E-05   2.38905017E-07   2.41163027E-11  -8.34035341E-11   6.21230801E-12   1.00000000       1.00000000    
 
  -2.01442026E-06   3.99257442E-06  -3.76505727E-06 -0.960236073      0.966711938      -5.66858239E-03   0.00000000       0.00000000    
  -2.01441844E-06   3.99253577E-06  -3.76508819E-06 -0.960236073      0.966711938      -5.66858239E-03  -3.00528029E-07 -0.430629283    
  -9.28007182E-07  -9.66644620E-06   8.22126549E-06   2.10106862E-11   1.97506317E-11   5.70214853E-09   1.00000000       1.00000000    
 
   1.82331303E-06  -5.42232965E-06   1.25047773E-05   9.52865754E-04  -1.77336061      -4.93011205E-03   0.00000000       0.00000000    
   1.82333952E-06  -5.42234147E-06   1.25047718E-05   9.52865754E-04  -1.77336061      -4.93011205E-03  -1.26829818E-08  0.666431248    
   1.45577051E-05   2.13154863E-06  -4.25198493E-07   6.57248811E-10   2.03635581E-11  -3.84583743E-09   1.00000000       1.00000000    
 
   0.00000000       0.00000000       0.00000000       0.00000000       0.00000000       0.00000000       0.00000000       0.00000000    
   0.00000000       0.00000000       0.00000000       0.00000000       0.00000000       0.00000000       1.00000000       576930.000    
   0.00000000       0.00000000       0.00000000       0.00000000       0.00000000       0.00000000       1.00000000       1.00000000    
 
   0.00000000       0.00000000       0.00000000       0.00000000       0.00000000       0.00000000       0.00000000       0.00000000    
   0.00000000       0.00000000       0.00000000       0.00000000       0.00000000       0.00000000       0.00000000       1.00000000    
   0.00000000       0.00000000       0.00000000       0.00000000       0.00000000       0.00000000       0.00000000       1.00000000    
 
 FD THEN ANALYTIC STT THEN NORMALIZED ERROR
 PAGE           1
   3.35589684E-05  -4.63624929E-05   7.90408740E-05   6.60496283      -3.98339057      -1.63024068       0.00000000       0.00000000    
   3.35596633E-05  -4.63618671E-05   7.90416670E-05   6.60496283      -3.98339057      -1.63024068       1.77172558E-06   1.25635076    
   2.07880512E-05  -1.34955772E-05   1.00251909E-05  -3.18075809E-11   1.46969020E-10   1.42191536E-10   1.00000000       1.00000000    
 
  -4.63612050E-05   1.16536412E-05  -1.11888658E-05  -16.6658745      -1.44415271     -0.217901260       0.00000000       0.00000000    
  -4.63618671E-05   1.16531810E-05  -1.11894879E-05  -16.6658745      -1.44415271     -0.217901260      -4.36012579E-06  0.310259253    
   1.42410536E-05  -3.94269337E-05   5.56034902E-05  -2.34348977E-12  -3.04954700E-10  -1.36392997E-09   1.00000000       1.00000000    
 
   7.90408012E-05  -1.11903764E-05   7.78353206E-05   27.5634060      -1.85809457       1.06973982       0.00000000       0.00000000    
   7.90416670E-05  -1.11894879E-05   7.78364411E-05   27.5634060      -1.85809457       1.06973982       2.17225534E-06   1.09368348    
   1.09441671E-05  -7.94432344E-05   1.43778279E-05  -6.50382309E-12   3.65257852E-10  -2.94811314E-10   1.00000000       1.00000000    
 
   6.60485649      -16.6659374       27.5633068       1793873.50      -1498232.62      -331825.906       0.00000000       0.00000000    
   6.60496283      -16.6658745       27.5634060       1793873.50      -1498232.62      -331825.906      0.735738277       499111.000    
   1.60569143E-05  -3.80667393E-06   3.59424553E-06  -1.12825478E-11   6.38939734E-11   1.11708857E-10   1.00000000       1.00000000    
 
  -3.98335218      -1.44413197      -1.85805500      -1498232.62       1271505.38       396219.031       0.00000000       0.00000000    
  -3.98339057      -1.44415271      -1.85809457      -1498232.62       1271505.38       396219.031     -0.564000726      -147537.844    
   9.62264676E-06   1.43840125E-05   2.12501418E-05   1.89071085E-11   1.22530553E-11   8.59894794E-11   1.00000000       1.00000000    
 
  -1.63021934     -0.217883721       1.06977630      -331825.906       396219.031       1096184.50       0.00000000       0.00000000    
  -1.63024068     -0.217901260       1.06973982      -331825.906       396219.031       1096184.50      -6.87575489E-02  -181086.531    
   1.30427270E-05   8.05037052E-05  -3.40735824E-05   1.35321442E-11   3.79020808E-11   2.08486978E-11   1.00000000       1.00000000    
 
   1.77170625E-06  -4.36014943E-06   2.17222623E-06  0.735738277     -0.564000726      -6.87575489E-02   0.00000000       0.00000000    
   1.77172558E-06  -4.36012579E-06   2.17225534E-06  0.735738277     -0.564000726      -6.87575489E-02   5.87305031E-08   9.48840007E-02
   1.09162838E-05  -5.43174428E-06   1.33368367E-05  -4.11428140E-12   2.44787975E-11   6.73790537E-11   1.00000000       1.00000000    
 
   1.25634289      0.310253084       1.09367990       499111.000      -147537.844      -181086.531       0.00000000       0.00000000    
   1.25635076      0.310259253       1.09368348       499111.000      -147537.844      -181086.531       9.48840007E-02   13142.5469    
   6.32087540E-06   1.98916459E-05   3.25954034E-06   2.00598045E-12   6.66302343E-12   5.04447612E-12   1.00000000       1.00000000    
 
 PAGE           2
   2.27166129E-06  -6.34177786E-06   2.25651911E-05  -1.68556631      0.812140405       1.21780860       0.00000000       0.00000000    
   2.27170358E-06  -6.34156322E-06   2.25653348E-05  -1.68556631      0.812140405       1.21780860      -3.35102050E-06  -1.16217840    
   1.86361558E-05  -3.39096478E-05   6.33953914E-06   1.31301719E-10  -1.59236749E-10   1.06391222E-10   1.00000000       1.00000000    
 
  -6.34150274E-06  -3.29786344E-05   3.29873219E-05   1.03125525      -12.1309414      -7.86748743       0.00000000       0.00000000    
  -6.34156322E-06  -3.29787908E-05   3.29872273E-05   1.03125525      -12.1309414      -7.86748743       7.95602432E-07   2.30341363    
   9.51933362E-06   4.73533100E-06  -2.84673206E-06   6.03807837E-11  -2.84629243E-12   2.96791454E-12   1.00000000       1.00000000    
 
   2.25654021E-05   3.29869945E-05  -4.15902614E-05 -0.132535040       23.2885323       10.5469866       0.00000000       0.00000000    
   2.25653348E-05   3.29872273E-05  -4.15902141E-05 -0.132535040       23.2885323       10.5469866      -3.19801438E-06  -2.17219234    
  -2.98081159E-06   7.02524449E-06  -1.08929089E-06   1.14167142E-09   2.92188561E-12   1.84358032E-11   1.00000000       1.00000000    
 
  -1.68551886       1.03129339     -0.132459655      -2077242.88       473804.594       106006.242       0.00000000       0.00000000    
  -1.68556631       1.03125525     -0.132535040      -2077242.88       473804.594       106006.242     -0.567145586      -553989.000    
   2.81602570E-05  -3.70274975E-05   5.68715681E-04   1.56248382E-11   4.15026104E-11   4.63221878E-10   1.00000000       1.00000000    
 
  0.812133372      -12.1309223       23.2885265       473804.594      -3087579.50      -1274903.88       0.00000000       0.00000000    
  0.812140405      -12.1309414       23.2885323       473804.594      -3087579.50      -1274903.88     -0.171734884       557725.125    
   8.60062119E-06   1.51532993E-06   2.68307218E-07  -4.51941158E-11   1.40323595E-11   3.40760493E-12   1.00000000       1.00000000    
 
   1.21779406      -7.86749554       10.5469742       106006.242      -1274903.88      -999106.062       0.00000000       0.00000000    
   1.21780860      -7.86748743       10.5469866       106006.242      -1274903.88      -999106.062     -0.327632159      -3270.37524    
   1.19211400E-05  -1.04662854E-06   1.16969306E-06  -2.88643304E-10   3.01194104E-11  -7.22265607E-12   1.00000000       1.00000000    
 
  -3.35098275E-06   7.95635003E-07  -3.19796322E-06 -0.567145586     -0.171734884     -0.327632159       0.00000000       0.00000000    
  -3.35102050E-06   7.95602432E-07  -3.19801438E-06 -0.567145586     -0.171734884     -0.327632159      -2.12382204E-07 -0.173383638    
   1.12870293E-05  -4.09463210E-05   1.60618019E-05   3.49904415E-12  -1.61972963E-10  -7.09778417E-11   1.00000000       1.00000000    
 
  -1.16216934       2.30341959      -2.17217326      -553989.000       557725.125      -3270.37524       0.00000000       0.00000000    
  -1.16217840       2.30341363      -2.17219234      -553989.000       557725.125      -3270.37524     -0.173383638      -248442.953    
   7.80895880E-06  -2.59813760E-06   8.72798955E-06   1.96465483E-11   4.30683093E-12  -3.64548569E-09   1.00000000       1.00000000    
 
 PAGE           3
   4.66317806E-06  -1.98032030E-05   4.90661914E-05 -0.388959080      -3.07301140      0.312377304       0.00000000       0.00000000    
   4.66330721E-06  -1.98030230E-05   4.90663442E-05 -0.388959080      -3.07301140      0.312377304      -1.22041763E-06   1.05193925    
   2.77130166E-05  -9.04062745E-06   3.08879635E-06   3.61597891E-10   5.70010358E-11   1.42440323E-10   1.00000000       1.00000000    
 
  -1.98029447E-05   1.55564576E-05  -5.45798139E-05  -3.45590854       2.32926607      -5.45727921       0.00000000       0.00000000    
  -1.98030230E-05   1.55564539E-05  -5.45798175E-05  -3.45590854       2.32926607      -5.45727921      -7.47247213E-07  -3.12831140    
   3.92452966E-06  -2.69355667E-07   8.83931790E-08  -3.46025227E-12   3.71470285E-11  -7.76111987E-12   1.00000000       1.00000000    
 
   4.90662169E-05  -5.45798976E-05   1.27362917E-04   10.7184114      -7.32737970       5.16956043       0.00000000       0.00000000    
   4.90663442E-05  -5.45798175E-05   1.27363019E-04   10.7184114      -7.32737970       5.16956043       8.07020740E-07   7.21437788    
   2.53786629E-06  -1.47313290E-06   7.74201226E-07  -4.18516480E-12   2.16653449E-11  -3.00026605E-12   1.00000000       1.00000000    
 
 -0.388966531      -3.45590043       10.7184401      -742046.250      -919244.312      -335874.469       0.00000000       0.00000000    
 -0.388959080      -3.45590854       10.7184114      -742046.250      -919244.312      -335874.469     -0.111712381       549.736877    
  -1.91713771E-05   2.34235904E-06  -2.66727238E-06   3.17617425E-11   2.23295792E-11  -5.71380131E-11   1.00000000       1.00000000    
 
  -3.07299089       2.32927060      -7.32735777      -919244.312       716351.062      -353736.031       0.00000000       0.00000000    
  -3.07301140       2.32926607      -7.32737970      -919244.312       716351.062      -353736.031     -0.578457713      -1023104.94    
   6.66513097E-06  -1.96074097E-06   2.95248901E-06   2.75554215E-11   5.15384003E-12  -6.74949333E-11   1.00000000       1.00000000    
 
  0.312361091      -5.45729446       5.16954994      -335874.469      -353736.031      -883430.250       0.00000000       0.00000000    
  0.312377304      -5.45727921       5.16956043      -335874.469      -353736.031      -883430.250     -0.373466611      -2844.32959    
   5.18457346E-05  -2.78702714E-06   2.00115460E-06   9.72782202E-11   8.97832503E-11  -1.18684455E-11   1.00000000       1.00000000    
 
  -1.22040240E-06  -7.47231184E-07   8.07045240E-07 -0.111712381     -0.578457713     -0.373466611       0.00000000       0.00000000    
  -1.22041763E-06  -7.47247213E-07   8.07020740E-07 -0.111712381     -0.578457713     -0.373466611      -7.52293445E-08  -7.31719285E-03
   1.24613043E-05   2.14381162E-05  -3.03542183E-05   1.42916659E-11  -1.57051420E-11  -2.99976294E-11   1.00000000       1.00000000    
 
   1.05195177      -3.12829018       7.21439648       549.736877      -1023104.94      -2844.32959       0.00000000       0.00000000    
   1.05193925      -3.12831140       7.21437788       549.736877      -1023104.94      -2844.32959      -7.31719285E-03   384484.188    
  -1.18189528E-05   6.79270488E-06  -2.55177474E-06   3.79057186E-09   8.80343270E-13  -1.61974612E-09   1.00000000       1.00000000    
 
 PAGE           4
  -1.04104277E-11  -2.01365140E-11   6.51115065E-11   1.80060141E-07  -5.80789538E-06   9.99317763E-07   0.00000000       0.00000000    
  -1.04109343E-11  -2.01371801E-11   6.51104656E-11   1.80060141E-07  -5.80789538E-06   9.99317763E-07  -5.60583210E-13   1.54975703E-06
  -5.06743549E-16  -6.66001042E-16  -1.04059935E-15  -9.49395007E-10  -6.25754795E-11   5.35821498E-10  -5.60583210E-13   1.00000000    
 
  -2.01360734E-11   6.53992624E-11  -1.93665362E-10  -2.82043329E-05   7.64220113E-06  -5.16451109E-06   0.00000000       0.00000000    
  -2.01371801E-11   6.53982979E-11  -1.93666388E-10  -2.82043329E-05   7.64220113E-06  -5.16451109E-06  -3.86852226E-12  -8.09750782E-06
  -1.10729324E-15  -9.61409077E-16   5.31700152E-06  -1.72656611E-11   1.09795395E-10  -1.89020709E-11  -3.86852226E-12   1.00000000    
 
   6.51094595E-11  -1.93667471E-10   4.43829168E-10   5.65313130E-05  -2.40314403E-05   5.24496215E-07   0.00000000       0.00000000    
   6.51104656E-11  -1.93666388E-10   4.43831305E-10   5.65313130E-05  -2.40314403E-05   5.24496215E-07   7.93389052E-12   1.90116516E-05
   1.00505393E-15  -5.54890084E-06   4.78784432E-06   1.35045872E-11   3.39164634E-11  -1.97610905E-09   7.93389052E-12   1.00000000    
 
   1.79984227E-07  -2.82042220E-05   5.65314658E-05  -3.03224921      -7.30556774      -2.52500582       0.00000000       0.00000000    
   1.80060141E-07  -2.82043329E-05   5.65313130E-05  -3.03224921      -7.30556774      -2.52500582       2.72765533E-06   3.86657119    
   4.21564619E-04   3.95029838E-06  -2.75986145E-06   1.51960597E-11  -2.05658841E-12  -3.73335009E-11   1.00000000       1.00000000    
 
  -5.80783535E-06   7.64237848E-06  -2.40311128E-05  -7.30556774       2.32018876     -0.478363633       0.00000000       0.00000000    
  -5.80789538E-06   7.64220113E-06  -2.40314403E-05  -7.30556774       2.32018876     -0.478363633       3.97416756E-07 -0.656802297    
   1.03177863E-05  -2.31884624E-05   1.36041353E-05   1.98308817E-11   2.73067454E-11  -3.48737039E-10   1.00000000       1.00000000    
 
   9.99244662E-07  -5.16447108E-06   5.24630480E-07  -2.52500582     -0.478363633      -2.01909304       0.00000000       0.00000000    
   9.99317763E-07  -5.16451109E-06   5.24496215E-07  -2.52500582     -0.478363633      -2.01909304       4.13388278E-07   3.41712348E-02
   7.31646942E-05   7.77593868E-06  -2.55980936E-04   5.85612531E-11   1.04547676E-10  -4.58800567E-11   1.00000000       1.00000000    
 
  -5.60646310E-13  -3.86856823E-12   7.93381159E-12   2.72765533E-06   3.97416756E-07   4.13388278E-07   0.00000000       0.00000000    
  -5.60583210E-13  -3.86852226E-12   7.93389052E-12   2.72765533E-06   3.97416756E-07   4.13388278E-07   1.20345628E-12   9.13265239E-07
   6.30546281E-17   4.62390224E-17   7.89271454E-17   1.93442189E-11   2.16515764E-11  -8.90523211E-11   1.20345628E-12   1.00000000    
 
   1.54958184E-06  -8.09765152E-06   1.90114606E-05   3.86657119     -0.656802297       3.41712348E-02   0.00000000       0.00000000    
   1.54975703E-06  -8.09750782E-06   1.90116516E-05   3.86657119     -0.656802297       3.41712348E-02   9.13265239E-07  0.784286737    
   1.13087583E-04  -1.77622696E-05   9.98367796E-06  -5.99652489E-12   1.77910492E-10  -1.84296767E-09   1.00000000       1.00000000    
 
 PAGE           5
   1.55897920E-10  -1.09410488E-10   1.31193875E-10   4.22259363E-05   3.16581827E-06   5.56033729E-06   0.00000000       0.00000000    
   1.55900293E-10  -1.09408649E-10   1.31196137E-10   4.22259363E-05   3.16581827E-06   5.56033729E-06   5.78912049E-12   1.26203429E-06
   1.52226603E-05  -1.67860435E-05   1.72419332E-05  -2.05962504E-11  -6.25972163E-10  -1.42189108E-10   5.78912049E-12   1.00000000    
 
  -1.09407719E-10   9.64957211E-11   8.67255365E-11  -3.57231984E-05  -2.47665903E-05  -1.70497988E-05   0.00000000       0.00000000    
  -1.09408649E-10   9.64952770E-11   8.67252034E-11  -3.57231984E-05  -2.47665903E-05  -1.70497988E-05  -3.90306450E-12  -7.31513353E-07
   8.47367028E-06  -4.43834862E-16  -3.34089409E-16  -1.36181405E-11  -2.31422017E-11  -4.92461627E-12  -3.90306450E-12   1.00000000    
 
   1.31194194E-10   8.67230454E-11  -2.84617496E-10   5.12567276E-05   5.98056031E-05   4.07943298E-05   0.00000000       0.00000000    
   1.31196137E-10   8.67252034E-11  -2.84615831E-10   5.12567276E-05   5.98056031E-05   4.07943298E-05   7.63048392E-12  -6.71464977E-06
   1.48806821E-05   2.15302752E-15  -5.75903323E-06  -1.55115139E-11  -1.03236994E-11  -1.06436954E-13   7.63048392E-12   1.00000000    
 
   4.22251578E-05  -3.57237077E-05   5.12561965E-05   18.0277348       2.00355148       1.81883979       0.00000000       0.00000000    
   4.22259363E-05  -3.57231984E-05   5.12567276E-05   18.0277348       2.00355148       1.81883979       2.42286160E-06  0.187999740    
   1.84002165E-05  -1.42449135E-05   1.03636767E-05  -2.38515197E-11  -3.33558237E-10  -6.47132209E-11   1.00000000       1.00000000    
 
   3.16573892E-06  -2.47666685E-05   5.98054285E-05   2.00355148     -0.299173892     -0.644383490       0.00000000       0.00000000    
   3.16581827E-06  -2.47665903E-05   5.98056031E-05   2.00355148     -0.299173892     -0.644383490      -2.07257449E-06   1.02477455    
   2.51040201E-05  -3.20553431E-06   2.90770913E-06  -8.22319782E-11   8.57244220E-10   1.48883926E-11   1.00000000       1.00000000    
 
   5.56040823E-06  -1.70497151E-05   4.07944353E-05   1.81883979     -0.644383490       5.00367594       0.00000000       0.00000000    
   5.56033729E-06  -1.70497988E-05   4.07943298E-05   1.81883979     -0.644383490       5.00367594      -1.46024615E-06  0.691024840    
  -1.28263619E-05   4.95720997E-06  -2.58101272E-06  -4.75527361E-11   9.46825049E-11   1.16862370E-11   1.00000000       1.00000000    
 
   5.78888847E-12  -3.90321933E-12   7.63033820E-12   2.42286160E-06  -2.07257449E-06  -1.46024615E-06   0.00000000       0.00000000    
   5.78912049E-12  -3.90306450E-12   7.63048392E-12   2.42286160E-06  -2.07257449E-06  -1.46024615E-06   7.41130681E-13  -1.79058887E-07
   2.31747103E-16   1.54601565E-16   1.46123176E-16  -5.38202712E-11   8.64317090E-11   1.91179121E-11   7.41130681E-13   1.00000000    
 
   1.26199632E-06  -7.31508351E-07  -6.71457155E-06  0.187999740       1.02477455      0.691024840       0.00000000       0.00000000    
   1.26203429E-06  -7.31513353E-07  -6.71464977E-06  0.187999740       1.02477455      0.691024840      -1.79058887E-07 -0.165963307    
   3.00267038E-05   6.77101070E-06   1.16374586E-05  -5.29372823E-10  -3.06435329E-11   7.53562768E-11   1.00000000       1.00000000    
 
 PAGE           6
  -2.47157905E-10   5.28457529E-12   8.33477107E-11  -9.19206141E-05  -1.41027713E-05  -1.29983318E-05   0.00000000       0.00000000    
  -2.47160015E-10   5.28285879E-12   8.33449490E-11  -9.19206141E-05  -1.41027713E-05  -1.29983318E-05  -1.56246995E-11  -3.26660415E-06
   8.61471381E-06  -1.71625498E-15  -2.76027073E-15   3.63985144E-12  -8.07830122E-11  -1.19159488E-10  -1.56246995E-11   1.00000000    
 
   5.28270093E-12  -8.25973734E-11  -1.92545382E-10   3.76426142E-05  -1.11378904E-05  -1.70178500E-05   0.00000000       0.00000000    
   5.28285879E-12  -8.25971305E-11  -1.92544661E-10   3.76426142E-05  -1.11378904E-05  -1.70178500E-05   4.99505472E-12  -2.69123348E-06
   1.58172140E-16   2.44322101E-16  -3.78499021E-06   1.60907503E-11  -2.37835550E-11   2.65249107E-11   4.99505472E-12   1.00000000    
 
   8.33458649E-11  -1.92544050E-10   1.94747121E-10  -4.73965447E-05   3.79530502E-05   2.19683297E-05   0.00000000       0.00000000    
   8.33449490E-11  -1.92544661E-10   1.94745650E-10  -4.73965447E-05   3.79530502E-05   2.19683297E-05  -6.09423536E-12   1.22487745E-05
  -9.11434874E-16   3.14081240E-06  -7.55742076E-06   9.54463852E-12   2.24234104E-11   5.96645927E-11  -6.09423536E-12   1.00000000    
 
  -9.19195300E-05   3.76438147E-05  -4.73947730E-05  -48.7956810      -4.35239267      -6.80440140       0.00000000       0.00000000    
  -9.19206141E-05   3.76426142E-05  -4.73965447E-05  -48.7956810      -4.35239267      -6.80440140      -3.60363038E-06  -2.83027005    
   1.17666541E-05  -3.18558305E-05   3.73937692E-05   8.19682267E-13  -1.81155521E-10  -1.02540754E-10   1.00000000       1.00000000    
 
  -1.41025412E-05  -1.11374475E-05   3.79535668E-05  -4.35239267      -22.2621803      -9.63163948       0.00000000       0.00000000    
  -1.41027713E-05  -1.11378904E-05   3.79530502E-05  -4.35239267      -22.2621803      -9.63163948      -9.02361421E-07  -1.81665802    
   1.63167424E-05   3.97797339E-05  -1.35235014E-05   1.17940189E-11  -1.13419322E-12  -8.14224990E-12   1.00000000       1.00000000    
 
  -1.29984910E-05  -1.70178755E-05   2.19683207E-05  -6.80440140      -9.63163948      -15.9342804       0.00000000       0.00000000    
  -1.29983318E-05  -1.70178500E-05   2.19683297E-05  -6.80440140      -9.63163948      -15.9342804      -1.78392600E-06  -1.09241247    
  -1.22642150E-05  -1.51036011E-06   4.26930512E-07   3.64331031E-11   3.00520893E-11  -1.87128459E-12   1.00000000       1.00000000    
 
  -1.56245347E-11   4.99525204E-12  -6.09393872E-12  -3.60363038E-06  -9.02361421E-07  -1.78392600E-06   0.00000000       0.00000000    
  -1.56246995E-11   4.99505472E-12  -6.09423536E-12  -3.60363038E-06  -9.02361421E-07  -1.78392600E-06  -4.25530027E-13  -3.03982858E-07
  -1.65116129E-16  -1.97324292E-16  -2.96604336E-16   5.42460738E-12  -1.46492138E-10  -7.24597674E-11  -4.25530027E-13   1.00000000    
 
  -3.26653435E-06  -2.69113275E-06   1.22488864E-05  -2.83027005      -1.81665802      -1.09241247       0.00000000       0.00000000    
  -3.26660415E-06  -2.69123348E-06   1.22487745E-05  -2.83027005      -1.81665802      -1.09241247      -3.03982858E-07  -6.91151023E-02
   2.14177926E-05   3.73915318E-05  -9.15898636E-06   5.03490175E-12  -7.63611310E-12  -5.15295411E-11   1.00000000       1.00000000    
 
 PAGE           7
   0.00000000       0.00000000       0.00000000       0.00000000       0.00000000       0.00000000       0.00000000       0.00000000    
   0.00000000       0.00000000       0.00000000       0.00000000       0.00000000       0.00000000       0.00000000       0.00000000    
   0.00000000       0.00000000       0.00000000       0.00000000       0.00000000       0.00000000       0.00000000       0.00000000    
 
   0.00000000       0.00000000       0.00000000       0.00000000       0.00000000       0.00000000       0.00000000       0.00000000    
   0.00000000       0.00000000       0.00000000       0.00000000       0.00000000       0.00000000       0.00000000       0.00000000    
   0.00000000       0.00000000       0.00000000       0.00000000       0.00000000       0.00000000       0.00000000       0.00000000    
 
   0.00000000       0.00000000       0.00000000       0.00000000       0.00000000       0.00000000       0.00000000       0.00000000    
   0.00000000       0.00000000       0.00000000       0.00000000       0.00000000       0.00000000       0.00000000       0.00000000    
   0.00000000       0.00000000       0.00000000       0.00000000       0.00000000       0.00000000       0.00000000       0.00000000    
 
   0.00000000       0.00000000       0.00000000       0.00000000       0.00000000       0.00000000       0.00000000       0.00000000    
   0.00000000       0.00000000       0.00000000       0.00000000       0.00000000       0.00000000       0.00000000       0.00000000    
   0.00000000       0.00000000       0.00000000       0.00000000       0.00000000       0.00000000       0.00000000       0.00000000    
 
   0.00000000       0.00000000       0.00000000       0.00000000       0.00000000       0.00000000       0.00000000       0.00000000    
   0.00000000       0.00000000       0.00000000       0.00000000       0.00000000       0.00000000       0.00000000       0.00000000    
   0.00000000       0.00000000       0.00000000       0.00000000       0.00000000       0.00000000       0.00000000       0.00000000    
 
   0.00000000       0.00000000       0.00000000       0.00000000       0.00000000       0.00000000       0.00000000       0.00000000    
   0.00000000       0.00000000       0.00000000       0.00000000       0.00000000       0.00000000       0.00000000       0.00000000    
   0.00000000       0.00000000       0.00000000       0.00000000       0.00000000       0.00000000       0.00000000       0.00000000    
 
   0.00000000       0.00000000       0.00000000       0.00000000       0.00000000       0.00000000       0.00000000       0.00000000    
   0.00000000       0.00000000       0.00000000       0.00000000       0.00000000       0.00000000       0.00000000       0.00000000    
   0.00000000       0.00000000       0.00000000       0.00000000       0.00000000       0.00000000       0.00000000       0.00000000    
 
   2.87752418E-24  -1.74661318E-24   8.44360662E-24   2.82006508E-25  -3.65358286E-24  -6.58135373E-24   0.00000000       0.00000000    
   0.00000000       0.00000000       0.00000000       0.00000000       0.00000000       0.00000000       0.00000000       0.00000000    
  -2.87752418E-24   1.74661318E-24  -8.44360662E-24  -2.82006508E-25   3.65358286E-24   6.58135373E-24   0.00000000       0.00000000    
 
 PAGE           8
   0.00000000       0.00000000       0.00000000       0.00000000       0.00000000       0.00000000       0.00000000       0.00000000    
   0.00000000       0.00000000       0.00000000       0.00000000       0.00000000       0.00000000       0.00000000       0.00000000    
   0.00000000       0.00000000       0.00000000       0.00000000       0.00000000       0.00000000       0.00000000       0.00000000    
 
   0.00000000       0.00000000       0.00000000       0.00000000       0.00000000       0.00000000       0.00000000       0.00000000    
   0.00000000       0.00000000       0.00000000       0.00000000       0.00000000       0.00000000       0.00000000       0.00000000    
   0.00000000       0.00000000       0.00000000       0.00000000       0.00000000       0.00000000       0.00000000       0.00000000    
 
   0.00000000       0.00000000       0.00000000       0.00000000       0.00000000       0.00000000       0.00000000       0.00000000    
   0.00000000       0.00000000       0.00000000       0.00000000       0.00000000       0.00000000       0.00000000       0.00000000    
   0.00000000       0.00000000       0.00000000       0.00000000       0.00000000       0.00000000       0.00000000       0.00000000    
 
   0.00000000       0.00000000       0.00000000       0.00000000       0.00000000       0.00000000       0.00000000       0.00000000    
   0.00000000       0.00000000       0.00000000       0.00000000       0.00000000       0.00000000       0.00000000       0.00000000    
   0.00000000       0.00000000       0.00000000       0.00000000       0.00000000       0.00000000       0.00000000       0.00000000    
 
   0.00000000       0.00000000       0.00000000       0.00000000       0.00000000       0.00000000       0.00000000       0.00000000    
   0.00000000       0.00000000       0.00000000       0.00000000       0.00000000       0.00000000       0.00000000       0.00000000    
   0.00000000       0.00000000       0.00000000       0.00000000       0.00000000       0.00000000       0.00000000       0.00000000    
 
   0.00000000       0.00000000       0.00000000       0.00000000       0.00000000       0.00000000       0.00000000       0.00000000    
   0.00000000       0.00000000       0.00000000       0.00000000       0.00000000       0.00000000       0.00000000       0.00000000    
   0.00000000       0.00000000       0.00000000       0.00000000       0.00000000       0.00000000       0.00000000       0.00000000    
 
   0.00000000       0.00000000       0.00000000       0.00000000       0.00000000       0.00000000       0.00000000       0.00000000    
   0.00000000       0.00000000       0.00000000       0.00000000       0.00000000       0.00000000       0.00000000       0.00000000    
   0.00000000       0.00000000       0.00000000       0.00000000       0.00000000       0.00000000       0.00000000       0.00000000    
 
   0.00000000       0.00000000       0.00000000       0.00000000       0.00000000       0.00000000       0.00000000       0.00000000    
   0.00000000       0.00000000       0.00000000       0.00000000       0.00000000       0.00000000       0.00000000       0.00000000    
   0.00000000       0.00000000       0.00000000       0.00000000       0.00000000       0.00000000       0.00000000       0.00000000    
 
