 Integrating base case
 Done.
 Integrating finite diff first order with step    9.99999999999999999999999999999999966E-0006
 Done
 Integrating finite diff second order with step    9.99999999999999999999999999999999966E-0006
 Done
 FINAL TIME
   769845939.18506300     
 FINAL STATE
  -5950.3185718789746        21869.576312431967       -67348.487833324150       -7.1671836874398709E-002   1.2520238460673832E-002   1.0421264277531270E-002   769845939.18506300        1.0000000000000000     
 FD THEN ANALYTIC STM THEN NORMALIZED ERROR
 -0.252112120      0.750791907      -1.28993666      -413930.406      -12645.9004      -51244.5664       0.00000000       0.00000000    
 -0.252287596      0.751731098      -1.29080641      -413930.406      -12645.9014      -51244.5664      -3.75846066E-02  -41349.6328    
   6.95585681E-04   1.24937925E-03   6.73840230E-04   2.38336684E-09   3.83553740E-08  -3.71608233E-09   1.00000000       1.00000000    
 
 -0.352389783      0.710246146      0.832836032      -127105.609      -231463.109      -182978.859       0.00000000       0.00000000    
 -0.352534264      0.710713744      0.832822025      -127105.609      -231463.109      -182978.859       4.82682185E-03   7223.30127    
   4.09872475E-04   6.57888770E-04  -1.67910093E-05   2.70533707E-09  -4.07717748E-10  -2.43578463E-10   1.00000000       1.00000000    
 
 -0.233249992     -0.265455991       1.32760191      -128672.078      -165277.625      -95795.1328       0.00000000       0.00000000    
 -0.233257547     -0.265287519       1.32767618      -128672.078      -165277.625      -95795.1328      -1.22674098E-02   6012.33984    
   3.23909444E-05  -6.35103206E-04   5.59273358E-05   2.72237705E-10   3.49749230E-10   3.25216298E-10   1.00000000       1.00000000    
 
   2.17808565E-06   5.39378448E-07   1.89344041E-06  0.865115345     -0.255729198     -0.313879550       0.00000000       0.00000000    
   2.17764864E-06   5.37776259E-07   1.89569528E-06  0.865115345     -0.255729198     -0.313879550       1.64463628E-07   2.27801409E-02
  -2.00707858E-04  -2.97933375E-03   1.18947658E-03   2.30755171E-09  -3.09030312E-09  -6.52714216E-10   1.00000000       1.00000000    
 
  -2.01056650E-06   3.98557995E-06  -3.76083699E-06 -0.960236073      0.966711938      -5.66858333E-03   0.00000000       0.00000000    
  -2.01441844E-06   3.99253577E-06  -3.76508819E-06 -0.960236073      0.966711938      -5.66858239E-03  -3.00528029E-07 -0.430629283    
   1.91216730E-03   1.74214609E-03   1.12908275E-03   7.89673216E-09  -2.35220399E-09  -1.94686677E-07   1.00000000       1.00000000    
 
   1.82208862E-06  -5.42198950E-06   1.25036167E-05   9.52864531E-04  -1.77336061      -4.93011111E-03   0.00000000       0.00000000    
   1.82333952E-06  -5.42234147E-06   1.25047718E-05   9.52865754E-04  -1.77336061      -4.93011205E-03  -1.26829818E-08  0.666431248    
   6.86082465E-04   6.49358626E-05   9.23441476E-05   1.29964860E-06  -1.14014319E-10   1.72558074E-07   1.00000000       1.00000000    
 
   0.00000000       0.00000000       0.00000000       0.00000000       0.00000000       0.00000000       0.00000000       0.00000000    
   0.00000000       0.00000000       0.00000000       0.00000000       0.00000000       0.00000000       1.00000000       576930.000    
   0.00000000       0.00000000       0.00000000       0.00000000       0.00000000       0.00000000       1.00000000       1.00000000    
 
   0.00000000       0.00000000       0.00000000       0.00000000       0.00000000       0.00000000       0.00000000       0.00000000    
   0.00000000       0.00000000       0.00000000       0.00000000       0.00000000       0.00000000       0.00000000       1.00000000    
   0.00000000       0.00000000       0.00000000       0.00000000       0.00000000       0.00000000       0.00000000       1.00000000    
 
 FD THEN ANALYTIC STT THEN NORMALIZED ERROR
 PAGE           1
   3.34998113E-05  -4.63463148E-05   7.89361657E-05   6.60496283      -3.98339057      -1.63024068       0.00000000       0.00000000    
   3.35596633E-05  -4.63618671E-05   7.90416670E-05   6.60496283      -3.98339057      -1.63024068       1.77172558E-06   1.25635076    
   1.78348098E-03   3.35439603E-04   1.33475161E-03   1.66441461E-09  -4.05871647E-09  -5.36358300E-08   1.00000000       1.00000000    
 
  -4.63001816E-05   1.16568744E-05  -1.10954106E-05  -16.6658745      -1.44415271     -0.217901185       0.00000000       0.00000000    
  -4.63618671E-05   1.16531810E-05  -1.11894879E-05  -16.6658745      -1.44415271     -0.217901260      -4.36012579E-06  0.310259253    
   1.33050093E-03  -3.16896767E-04   8.40764865E-03   6.72825740E-10   8.63504557E-09   3.41142311E-07   1.00000000       1.00000000    
 
   7.89589612E-05  -1.11642976E-05   7.77103414E-05   27.5634060      -1.85809457       1.06973970       0.00000000       0.00000000    
   7.90416670E-05  -1.11894879E-05   7.78364411E-05   27.5634060      -1.85809457       1.06973982       2.17225534E-06   1.09368348    
   1.04636385E-03   2.25121784E-03   1.62007613E-03   1.74410403E-10  -1.68575269E-08   1.00897374E-07   1.00000000       1.00000000    
 
   6.60066652      -16.6646423       27.5460854       1793873.50      -1498232.62      -331825.938       0.00000000       0.00000000    
   6.60496283      -16.6658745       27.5634060       1793873.50      -1498232.62      -331825.906      0.735738277       499111.000    
   6.50454429E-04   7.38733579E-05   6.28406997E-04   1.41924716E-09  -2.05114237E-09  -4.29143370E-08   1.00000000       1.00000000    
 
  -3.97807813      -1.44197476      -1.85324657      -1498232.62       1271505.38       396219.031       0.00000000       0.00000000    
  -3.98339057      -1.44415271      -1.85809457      -1498232.62       1271505.38       396219.031     -0.564000726      -147537.844    
   1.33362936E-03   1.50815805E-03   2.60910345E-03  -7.00233926E-10  -1.86164351E-09  -1.15648584E-08   1.00000000       1.00000000    
 
  -1.62623692     -0.217279702       1.07352185      -331825.906       396219.031       1096184.50       0.00000000       0.00000000    
  -1.63024068     -0.217901260       1.06973982      -331825.906       396219.031       1096184.50      -6.87575489E-02  -181086.531    
   2.45587504E-03   2.85244384E-03  -3.53542832E-03   1.63489766E-09  -2.83203772E-09  -2.79689516E-09   1.00000000       1.00000000    
 
   1.77101037E-06  -4.35882885E-06   2.16967146E-06  0.735738277     -0.564000726      -6.87575489E-02   0.00000000       0.00000000    
   1.77172558E-06  -4.36012579E-06   2.17225534E-06  0.735738277     -0.564000726      -6.87575489E-02   5.87305031E-08   9.48840007E-02
   4.03663376E-04   2.97434744E-04   1.18949090E-03  -5.29226593E-11  -2.42250153E-09  -3.25843743E-08   1.00000000       1.00000000    
 
   1.25595081      0.310386807       1.09304428       499111.000      -147537.844      -181086.531       0.00000000       0.00000000    
   1.25635076      0.310259253       1.09368348       499111.000      -147537.844      -181086.531       9.48840007E-02   13142.5469    
   3.18362523E-04  -4.11118905E-04   5.84392750E-04   3.34315686E-10   2.93103902E-10  -3.52440144E-09   1.00000000       1.00000000    
 
 PAGE           2
   2.27146893E-06  -6.31518333E-06   2.25579879E-05  -1.68556631      0.812140405       1.21780860       0.00000000       0.00000000    
   2.27170358E-06  -6.34156322E-06   2.25653348E-05  -1.68556631      0.812140405       1.21780860      -3.35102050E-06  -1.16217840    
   1.03366758E-04   4.15978394E-03   3.25556524E-04   7.24503513E-10  -2.98096015E-09   9.60846691E-09   1.00000000       1.00000000    
 
  -6.33545187E-06  -3.29845425E-05   3.29918294E-05   1.03125525      -12.1309414      -7.86748743       0.00000000       0.00000000    
  -6.34156322E-06  -3.29787908E-05   3.29872273E-05   1.03125525      -12.1309414      -7.86748743       7.95602432E-07   2.30341363    
   9.63667757E-04  -1.74464658E-04  -1.39547104E-04   5.35121902E-09   1.47004228E-10  -1.01097491E-10   1.00000000       1.00000000    
 
   2.25772237E-05   3.30147523E-05  -4.15705108E-05 -0.132535025       23.2885323       10.5469866       0.00000000       0.00000000    
   2.25653348E-05   3.29872273E-05  -4.15902141E-05 -0.132535040       23.2885323       10.5469866      -3.19801438E-06  -2.17219234    
  -5.26824384E-04  -8.34438892E-04   4.73750872E-04   6.04328960E-08   1.64588690E-11  -1.83571525E-09   1.00000000       1.00000000    
 
  -1.67858553       1.03311229     -0.126291156      -2077242.88       473804.594       106006.250       0.00000000       0.00000000    
  -1.68556631       1.03125525     -0.132535040      -2077242.88       473804.594       106006.242     -0.567145586      -553989.000    
   4.14150581E-03  -1.80075178E-03   4.71111387E-02  -3.73152509E-10  -8.92177709E-09  -4.48580018E-08   1.00000000       1.00000000    
 
  0.811409891      -12.1309624       23.2833328       473804.594      -3087579.50      -1274903.88       0.00000000       0.00000000    
  0.812140405      -12.1309414       23.2885323       473804.594      -3087579.50      -1274903.88     -0.171734884       557725.125    
   8.99467443E-04  -1.73008686E-06   2.23322277E-04   5.24654586E-09   6.46195264E-10  -4.32662040E-09   1.00000000       1.00000000    
 
   1.21635199      -7.86539459       10.5427656       106006.242      -1274903.88      -999106.062       0.00000000       0.00000000    
   1.21780860      -7.86748743       10.5469866       106006.242      -1274903.88      -999106.062     -0.327632159      -3270.37524    
   1.19602657E-03   2.65970186E-04   4.00250166E-04   1.27913822E-08   1.60307190E-09  -4.94571450E-09   1.00000000       1.00000000    
 
  -3.34683637E-06   7.95558719E-07  -3.19242258E-06 -0.567145586     -0.171734869     -0.327632129       0.00000000       0.00000000    
  -3.35102050E-06   7.95602432E-07  -3.19801438E-06 -0.567145586     -0.171734884     -0.327632159      -2.12382204E-07 -0.173383638    
   1.24858494E-03   5.49610450E-05   1.74853147E-03  -7.90330440E-11   1.14090533E-08   1.41376724E-08   1.00000000       1.00000000    
 
  -1.16121399       2.30365229      -2.17103934      -553989.000       557725.125      -3270.37402       0.00000000       0.00000000    
  -1.16217840       2.30341363      -2.17219234      -553989.000       557725.125      -3270.37524     -0.173383638      -248442.953    
   8.29808763E-04  -1.03632010E-04   5.30773017E-04  -3.06685233E-10  -2.66444378E-09   3.85914007E-07   1.00000000       1.00000000    
 
 PAGE           3
   4.65815128E-06  -1.97854952E-05   4.90469829E-05 -0.388959080      -3.07301140      0.312377274       0.00000000       0.00000000    
   4.66330721E-06  -1.98030230E-05   4.90663442E-05 -0.388959080      -3.07301140      0.312377304      -1.22041763E-06   1.05193925    
   1.10563042E-03   8.85146670E-04   3.94531962E-04   4.96684072E-09   1.41907708E-10   6.88726942E-08   1.00000000       1.00000000    
 
  -1.98002526E-05   1.55615944E-05  -5.45653711E-05  -3.45590854       2.32926607      -5.45727921       0.00000000       0.00000000    
  -1.98030230E-05   1.55564539E-05  -5.45798175E-05  -3.45590854       2.32926607      -5.45727921      -7.47247213E-07  -3.12831140    
   1.39902899E-04  -3.30535520E-04   2.64709786E-04  -2.33940312E-10   1.24943877E-09   1.30547595E-09   1.00000000       1.00000000    
 
   4.90667117E-05  -5.45728180E-05   1.27339328E-04   10.7184114      -7.32737970       5.16956043       0.00000000       0.00000000    
   4.90663442E-05  -5.45798175E-05   1.27363019E-04   10.7184114      -7.32737970       5.16956043       8.07020740E-07   7.21437788    
  -7.50586560E-06   1.28274638E-04   1.85954021E-04   1.42137677E-10   4.91896142E-11   3.80072951E-09   1.00000000       1.00000000    
 
 -0.386325836      -3.45461369       10.7170630      -742046.250      -919244.312      -335874.469       0.00000000       0.00000000    
 -0.388959080      -3.45590854       10.7184114      -742046.250      -919244.312      -335874.469     -0.111712381       549.736877    
   6.76996168E-03   3.74657713E-04   1.25774881E-04  -5.71368008E-10   2.71263101E-09  -5.25966870E-09   1.00000000       1.00000000    
 
  -3.07213092       2.33065319      -7.32478619      -919244.312       716351.062      -353736.031       0.00000000       0.00000000    
  -3.07301140       2.32926607      -7.32737970      -919244.312       716351.062      -353736.031     -0.578457713      -1023104.94    
   2.86519615E-04  -5.95523277E-04   3.53897893E-04  -3.57937874E-10  -3.00183545E-09   4.95065411E-09   1.00000000       1.00000000    
 
  0.311161965      -5.45463800       5.16612768      -335874.469      -353736.031      -883430.250       0.00000000       0.00000000    
  0.312377304      -5.45727921       5.16956043      -335874.469      -353736.031      -883430.250     -0.373466611      -2844.32959    
   3.89057212E-03   4.83977114E-04   6.64023391E-04  -2.30711628E-09   5.67615910E-09  -4.32986846E-09   1.00000000       1.00000000    
 
  -1.21832545E-06  -7.47118406E-07   8.09173059E-07 -0.111712381     -0.578457713     -0.373466611       0.00000000       0.00000000    
  -1.22041763E-06  -7.47247213E-07   8.07020740E-07 -0.111712381     -0.578457713     -0.373466611      -7.52293445E-08  -7.31719285E-03
   1.71435392E-03   1.72381420E-04  -2.66702916E-03  -4.06696565E-10   1.78277826E-09   4.07347933E-09   1.00000000       1.00000000    
 
   1.05377257      -3.12835717       7.21516514       549.736755      -1023104.94      -2844.32935       0.00000000       0.00000000    
   1.05193925      -3.12831140       7.21437788       549.736877      -1023104.94      -2844.32959      -7.31719285E-03   384484.188    
  -1.74276030E-03  -1.45853191E-05  -1.09125387E-04   1.85150427E-07   9.89706872E-10   2.93268929E-08   1.00000000       1.00000000    
 
 PAGE           4
  -1.03158124E-11  -2.01353448E-11   6.51851073E-11   1.80060127E-07  -5.80789538E-06   9.99317876E-07   0.00000000       0.00000000    
  -1.04109343E-11  -2.01371801E-11   6.51104656E-11   1.80060141E-07  -5.80789538E-06   9.99317763E-07  -5.60583210E-13   1.54975703E-06
  -9.51218813E-14  -1.83494696E-15  -7.46458627E-14   7.96541570E-08   8.05419820E-09  -9.89092044E-08  -5.60583210E-13   1.00000000    
 
  -2.00628177E-11   6.53644847E-11  -1.93494457E-10  -2.82043329E-05   7.64220113E-06  -5.16451109E-06   0.00000000       0.00000000    
  -2.01371801E-11   6.53982979E-11  -1.93666388E-10  -2.82043329E-05   7.64220113E-06  -5.16451109E-06  -3.86852226E-12  -8.09750782E-06
  -7.43621947E-14   3.38143955E-14   8.87785922E-04   1.06178621E-09  -1.83791959E-09   1.22649970E-08  -3.86852226E-12   1.00000000    
 
   6.50096019E-11  -1.93619079E-10   4.43619780E-10   5.65313130E-05  -2.40314403E-05   5.24495988E-07   0.00000000       0.00000000    
   6.51104656E-11  -1.93666388E-10   4.43831305E-10   5.65313130E-05  -2.40314403E-05   5.24496215E-07   7.93389052E-12   1.90116516E-05
   1.00862495E-13   2.44299154E-04   4.76596440E-04   2.20613333E-10  -6.71642431E-09   4.10817393E-07   7.93389052E-12   1.00000000    
 
   1.90382124E-07  -2.82031979E-05   5.65167647E-05  -3.03224921      -7.30556774      -2.52500582       0.00000000       0.00000000    
   1.80060141E-07  -2.82043329E-05   5.65313130E-05  -3.03224921      -7.30556774      -2.52500582       2.72765533E-06   3.86657119    
  -5.73252365E-02   4.02945661E-05   2.57346896E-04  -6.94788271E-09   1.42137535E-09   5.79326631E-09   1.00000000       1.00000000    
 
  -5.79377820E-06   7.63414391E-06  -2.40189474E-05  -7.30556774       2.32018876     -0.478363574       0.00000000       0.00000000    
  -5.80789538E-06   7.64220113E-06  -2.40314403E-05  -7.30556774       2.32018876     -0.478363633       3.97416756E-07 -0.656802297    
   2.43066298E-03   1.05432875E-03   5.19791385E-04  -1.31630495E-09  -1.20498704E-08   6.73279175E-08   1.00000000       1.00000000    
 
   9.99681674E-07  -5.16762157E-06   5.14803901E-07  -2.52500582     -0.478363603      -2.01909304       0.00000000       0.00000000    
   9.99317763E-07  -5.16451109E-06   5.24496215E-07  -2.52500582     -0.478363633      -2.01909304       4.13388278E-07   3.41712348E-02
  -3.64153413E-04  -6.02213666E-04   1.84792411E-02  -4.26421876E-09   4.14784438E-08   5.04685982E-09   1.00000000       1.00000000    
 
  -5.66361302E-13  -3.86592884E-12   7.92353422E-12   2.72765533E-06   3.97416756E-07   4.13388278E-07   0.00000000       0.00000000    
  -5.60583210E-13  -3.86852226E-12   7.93389052E-12   2.72765533E-06   3.97416756E-07   4.13388278E-07   1.20345628E-12   9.13265239E-07
   5.77808861E-15  -2.59324071E-15   1.03560103E-14   1.81569093E-09   2.31442367E-08   1.10359677E-08   1.20345628E-12   1.00000000    
 
   1.53339829E-06  -8.09393714E-06   1.89832372E-05   3.86657119     -0.656802297       3.41712162E-02   0.00000000       0.00000000    
   1.54975703E-06  -8.09750782E-06   1.90116516E-05   3.86657119     -0.656802297       3.41712348E-02   9.13265239E-07  0.784286737    
   1.05556706E-02   4.41035634E-04   1.49458332E-03   1.44091594E-09  -1.00980859E-08   4.94438552E-07   1.00000000       1.00000000    
 
 PAGE           5
   1.55681287E-10  -1.09399871E-10   1.30846056E-10   4.22259363E-05   3.16581850E-06   5.56033683E-06   0.00000000       0.00000000    
   1.55900293E-10  -1.09408649E-10   1.31196137E-10   4.22259363E-05   3.16581827E-06   5.56033729E-06   5.78912049E-12   1.26203429E-06
   1.40480511E-03   8.02470968E-05   2.66842172E-03   1.03948594E-09  -1.35382439E-09   4.81360516E-08   5.78912049E-12   1.00000000    
 
  -1.09338656E-10   9.65052760E-11   8.68353653E-11  -3.57231984E-05  -2.47665903E-05  -1.70497988E-05   0.00000000       0.00000000    
  -1.09408649E-10   9.64952770E-11   8.67252034E-11  -3.57231984E-05  -2.47665903E-05  -1.70497988E-05  -3.90306450E-12  -7.31513353E-07
   6.39724894E-04  -9.99742315E-15  -1.10161222E-13   6.26617092E-10  -1.29432987E-09   3.54960927E-09  -3.90306450E-12   1.00000000    
 
   1.31012451E-10   8.67898947E-11  -2.84852447E-10   5.12567276E-05   5.98056031E-05   4.07943298E-05   0.00000000       0.00000000    
   1.31196137E-10   8.67252034E-11  -2.84615831E-10   5.12567276E-05   5.98056031E-05   4.07943298E-05   7.63048392E-12  -6.71464977E-06
   1.40015956E-03  -6.46924937E-14  -8.31279845E-04   1.00637654E-09   9.27866617E-10   7.60567942E-10   7.63048392E-12   1.00000000    
 
   4.21715558E-05  -3.57248100E-05   5.11448998E-05   18.0277348       2.00355148       1.81883967       0.00000000       0.00000000    
   4.22259363E-05  -3.57231984E-05   5.12567276E-05   18.0277348       2.00355148       1.81883979       2.42286160E-06  0.187999740    
   1.28784915E-03  -4.51700944E-05   2.18169275E-03   9.90300064E-10  -1.07571969E-08   3.33971997E-08   1.00000000       1.00000000    
 
   3.16359910E-06  -2.47593925E-05   5.97868348E-05   2.00355148     -0.299173892     -0.644383490       0.00000000       0.00000000    
   3.16581827E-06  -2.47665903E-05   5.98056031E-05   2.00355148     -0.299173892     -0.644383490      -2.07257449E-06   1.02477455    
   7.01044395E-04   2.90632626E-04   3.13786411E-04  -1.09962417E-09   3.04662251E-08  -4.54488180E-08   1.00000000       1.00000000    
 
   5.57246631E-06  -1.70517269E-05   4.08031810E-05   1.81883979     -0.644383490       5.00367594       0.00000000       0.00000000    
   5.56033729E-06  -1.70497988E-05   4.07943298E-05   1.81883979     -0.644383490       5.00367594      -1.46024615E-06  0.691024840    
  -2.18135794E-03  -1.13004840E-04  -2.17000372E-04  -3.47686280E-09   1.95720311E-08  -4.17479690E-10   1.00000000       1.00000000    
 
   5.77133567E-12  -3.90300769E-12   7.59745392E-12   2.42286160E-06  -2.07257449E-06  -1.46024615E-06   0.00000000       0.00000000    
   5.78912049E-12  -3.90306450E-12   7.63048392E-12   2.42286160E-06  -2.07257449E-06  -1.46024615E-06   7.41130681E-13  -1.79058887E-07
   1.77845342E-14  -5.68435870E-17   3.30299447E-14   2.99252556E-09   3.40694029E-09  -9.91551019E-09   7.41130681E-13   1.00000000    
 
   1.26264626E-06  -7.34000594E-07  -6.71664793E-06  0.187999740       1.02477455      0.691024840       0.00000000       0.00000000    
   1.26203429E-06  -7.31513353E-07  -6.71464977E-06  0.187999740       1.02477455      0.691024840      -1.79058887E-07 -0.165963307    
  -4.84918331E-04  -3.40015325E-03  -2.97614461E-04   1.12353469E-08  -1.14660459E-08  -8.89576057E-09   1.00000000       1.00000000    
 
 PAGE           6
  -2.46871246E-10   5.33729181E-12   8.36702582E-11  -9.19206141E-05  -1.41027713E-05  -1.29983318E-05   0.00000000       0.00000000    
  -2.47160015E-10   5.28285879E-12   8.33449490E-11  -9.19206141E-05  -1.41027713E-05  -1.29983318E-05  -1.56246995E-11  -3.26660415E-06
   1.16837153E-03  -5.44328885E-14  -3.25309685E-13   5.93018301E-10   7.40884376E-09   1.72662524E-08  -1.56246995E-11   1.00000000    
 
   5.21910813E-12  -8.25908231E-11  -1.92571251E-10   3.76426142E-05  -1.11378904E-05  -1.70178500E-05   0.00000000       0.00000000    
   5.28285879E-12  -8.25971305E-11  -1.92544661E-10   3.76426142E-05  -1.11378904E-05  -1.70178500E-05   4.99505472E-12  -2.69123348E-06
   6.37506812E-14  -6.30802715E-15  -1.38097763E-04   5.25609223E-10  -8.61935145E-09  -3.87172205E-09   4.99505472E-12   1.00000000    
 
   8.35090122E-11  -1.92436581E-10   1.94899125E-10  -4.73965447E-05   3.79530502E-05   2.19683297E-05   0.00000000       0.00000000    
   8.33449490E-11  -1.92544661E-10   1.94745650E-10  -4.73965447E-05   3.79530502E-05   2.19683297E-05  -6.09423536E-12   1.22487745E-05
  -1.64061283E-13   5.61341236E-04  -7.88105652E-04  -4.36276765E-10  -1.22737687E-09  -7.20561033E-09  -6.09423536E-12   1.00000000    
 
  -9.17819998E-05   3.76254829E-05  -4.72255488E-05  -48.7956810      -4.35239220      -6.80440092       0.00000000       0.00000000    
  -9.19206141E-05   3.76426142E-05  -4.73965447E-05  -48.7956810      -4.35239267      -6.80440140      -3.60363038E-06  -2.83027005    
   1.50794478E-03   4.55133122E-04   3.60776880E-03   1.03699792E-10   1.72183370E-08   2.07222062E-08   1.00000000       1.00000000    
 
  -1.40812153E-05  -1.11650234E-05   3.79769699E-05  -4.35239267      -22.2621803      -9.63163948       0.00000000       0.00000000    
  -1.41027713E-05  -1.11378904E-05   3.79530502E-05  -4.35239267      -22.2621803      -9.63163948      -9.02361421E-07  -1.81665802    
   1.52851117E-03  -2.43609515E-03  -6.30235358E-04  -1.23454003E-09   1.77755222E-09   1.55828705E-09   1.00000000       1.00000000    
 
  -1.30092849E-05  -1.70122712E-05   2.19383073E-05  -6.80440140      -9.63163948      -15.9342804       0.00000000       0.00000000    
  -1.29983318E-05  -1.70178500E-05   2.19683297E-05  -6.80440140      -9.63163948      -15.9342804      -1.78392600E-06  -1.09241247    
  -8.42652807E-04   3.27829737E-04   1.36667793E-03  -1.34245826E-09   3.03242231E-09  -2.09296558E-09   1.00000000       1.00000000    
 
  -1.56031403E-11   4.99364482E-12  -6.06838278E-12  -3.60363038E-06  -9.02361421E-07  -1.78392600E-06   0.00000000       0.00000000    
  -1.56246995E-11   4.99505472E-12  -6.09423536E-12  -3.60363038E-06  -9.02361421E-07  -1.78392600E-06  -4.25530027E-13  -3.03982858E-07
  -2.15587520E-14   1.40956129E-15  -2.58528889E-14  -4.77691553E-10   1.39558551E-08   1.27734729E-08  -4.25530027E-13   1.00000000    
 
  -3.25732503E-06  -2.68835902E-06   1.22550073E-05  -2.83027005      -1.81665802      -1.09241247       0.00000000       0.00000000    
  -3.26660415E-06  -2.69123348E-06   1.22487745E-05  -2.83027005      -1.81665802      -1.09241247      -3.03982858E-07  -6.91151023E-02
   2.84065492E-03   1.06805237E-03  -5.08842058E-04  -5.78706916E-10   3.49452889E-09   3.73034581E-09   1.00000000       1.00000000    
 
 PAGE           7
   0.00000000       0.00000000       0.00000000       0.00000000       0.00000000       0.00000000       0.00000000       0.00000000    
   0.00000000       0.00000000       0.00000000       0.00000000       0.00000000       0.00000000       0.00000000       0.00000000    
   0.00000000       0.00000000       0.00000000       0.00000000       0.00000000       0.00000000       0.00000000       0.00000000    
 
   0.00000000       0.00000000       0.00000000       0.00000000       0.00000000       0.00000000       0.00000000       0.00000000    
   0.00000000       0.00000000       0.00000000       0.00000000       0.00000000       0.00000000       0.00000000       0.00000000    
   0.00000000       0.00000000       0.00000000       0.00000000       0.00000000       0.00000000       0.00000000       0.00000000    
 
   0.00000000       0.00000000       0.00000000       0.00000000       0.00000000       0.00000000       0.00000000       0.00000000    
   0.00000000       0.00000000       0.00000000       0.00000000       0.00000000       0.00000000       0.00000000       0.00000000    
   0.00000000       0.00000000       0.00000000       0.00000000       0.00000000       0.00000000       0.00000000       0.00000000    
 
   0.00000000       0.00000000       0.00000000       0.00000000       0.00000000       0.00000000       0.00000000       0.00000000    
   0.00000000       0.00000000       0.00000000       0.00000000       0.00000000       0.00000000       0.00000000       0.00000000    
   0.00000000       0.00000000       0.00000000       0.00000000       0.00000000       0.00000000       0.00000000       0.00000000    
 
   0.00000000       0.00000000       0.00000000       0.00000000       0.00000000       0.00000000       0.00000000       0.00000000    
   0.00000000       0.00000000       0.00000000       0.00000000       0.00000000       0.00000000       0.00000000       0.00000000    
   0.00000000       0.00000000       0.00000000       0.00000000       0.00000000       0.00000000       0.00000000       0.00000000    
 
   0.00000000       0.00000000       0.00000000       0.00000000       0.00000000       0.00000000       0.00000000       0.00000000    
   0.00000000       0.00000000       0.00000000       0.00000000       0.00000000       0.00000000       0.00000000       0.00000000    
   0.00000000       0.00000000       0.00000000       0.00000000       0.00000000       0.00000000       0.00000000       0.00000000    
 
   0.00000000       0.00000000       0.00000000       0.00000000       0.00000000       0.00000000       0.00000000       0.00000000    
   0.00000000       0.00000000       0.00000000       0.00000000       0.00000000       0.00000000       0.00000000       0.00000000    
   0.00000000       0.00000000       0.00000000       0.00000000       0.00000000       0.00000000       0.00000000       0.00000000    
 
   5.65575719E-23   9.17122166E-22   8.21124584E-22   6.96361347E-23  -1.35829529E-21  -1.68867327E-21   0.00000000       0.00000000    
   0.00000000       0.00000000       0.00000000       0.00000000       0.00000000       0.00000000       0.00000000       0.00000000    
  -5.65575719E-23  -9.17122166E-22  -8.21124584E-22  -6.96361347E-23   1.35829529E-21   1.68867327E-21   0.00000000       0.00000000    
 
 PAGE           8
   0.00000000       0.00000000       0.00000000       0.00000000       0.00000000       0.00000000       0.00000000       0.00000000    
   0.00000000       0.00000000       0.00000000       0.00000000       0.00000000       0.00000000       0.00000000       0.00000000    
   0.00000000       0.00000000       0.00000000       0.00000000       0.00000000       0.00000000       0.00000000       0.00000000    
 
   0.00000000       0.00000000       0.00000000       0.00000000       0.00000000       0.00000000       0.00000000       0.00000000    
   0.00000000       0.00000000       0.00000000       0.00000000       0.00000000       0.00000000       0.00000000       0.00000000    
   0.00000000       0.00000000       0.00000000       0.00000000       0.00000000       0.00000000       0.00000000       0.00000000    
 
   0.00000000       0.00000000       0.00000000       0.00000000       0.00000000       0.00000000       0.00000000       0.00000000    
   0.00000000       0.00000000       0.00000000       0.00000000       0.00000000       0.00000000       0.00000000       0.00000000    
   0.00000000       0.00000000       0.00000000       0.00000000       0.00000000       0.00000000       0.00000000       0.00000000    
 
   0.00000000       0.00000000       0.00000000       0.00000000       0.00000000       0.00000000       0.00000000       0.00000000    
   0.00000000       0.00000000       0.00000000       0.00000000       0.00000000       0.00000000       0.00000000       0.00000000    
   0.00000000       0.00000000       0.00000000       0.00000000       0.00000000       0.00000000       0.00000000       0.00000000    
 
   0.00000000       0.00000000       0.00000000       0.00000000       0.00000000       0.00000000       0.00000000       0.00000000    
   0.00000000       0.00000000       0.00000000       0.00000000       0.00000000       0.00000000       0.00000000       0.00000000    
   0.00000000       0.00000000       0.00000000       0.00000000       0.00000000       0.00000000       0.00000000       0.00000000    
 
   0.00000000       0.00000000       0.00000000       0.00000000       0.00000000       0.00000000       0.00000000       0.00000000    
   0.00000000       0.00000000       0.00000000       0.00000000       0.00000000       0.00000000       0.00000000       0.00000000    
   0.00000000       0.00000000       0.00000000       0.00000000       0.00000000       0.00000000       0.00000000       0.00000000    
 
   0.00000000       0.00000000       0.00000000       0.00000000       0.00000000       0.00000000       0.00000000       0.00000000    
   0.00000000       0.00000000       0.00000000       0.00000000       0.00000000       0.00000000       0.00000000       0.00000000    
   0.00000000       0.00000000       0.00000000       0.00000000       0.00000000       0.00000000       0.00000000       0.00000000    
 
   0.00000000       0.00000000       0.00000000       0.00000000       0.00000000       0.00000000       0.00000000       0.00000000    
   0.00000000       0.00000000       0.00000000       0.00000000       0.00000000       0.00000000       0.00000000       0.00000000    
   0.00000000       0.00000000       0.00000000       0.00000000       0.00000000       0.00000000       0.00000000       0.00000000    
 
