 Integrating base case
 Done.
 Integrating finite diff first order with step    9.99999999999999999999999999999999976E-0008
 Done
 Integrating finite diff second order with step    9.99999999999999999999999999999999976E-0008
 Done
 FINAL TIME
   769845939.18506300     
 FINAL STATE
  -5950.3185718789746        21869.576312431967       -67348.487833324150       -7.1671836874398709E-002   1.2520238460673832E-002   1.0421264277531270E-002   769845939.18506300        1.0000000000000000     
 FD THEN ANALYTIC STM THEN NORMALIZED ERROR
 -0.149502456      0.650379539      -1.30451870      -413930.406      -12645.8604      -51244.5469       0.00000000       0.00000000    
 -0.252287596      0.751731098      -1.29080641      -413930.406      -12645.9014      -51244.5664      -3.75846066E-02  -41349.6328    
  0.407412589      0.134824201      -1.06230024E-02   9.74112080E-09   3.17937088E-06   3.28021315E-07   1.00000000       1.00000000    
 
 -0.323656023      0.709586382      0.785327494      -127105.609      -231463.125      -182978.828       0.00000000       0.00000000    
 -0.352534264      0.710713744      0.832822025      -127105.609      -231463.109      -182978.859       4.82682185E-03   7223.30127    
   8.19161162E-02   1.58617797E-03   5.70284463E-02  -2.23514665E-08  -1.43309951E-08   1.83583950E-07   1.00000000       1.00000000    
 
 -0.253677368     -0.282761782       1.32129407      -128672.070      -165277.641      -95795.1172       0.00000000       0.00000000    
 -0.233257547     -0.265287519       1.32767618      -128672.078      -165277.625      -95795.1328      -1.22674098E-02   6012.33984    
  -8.75418782E-02  -6.58691972E-02   4.80691856E-03   8.99368970E-08  -4.83148490E-08   1.58374519E-07   1.00000000       1.00000000    
 
   2.14943657E-06   7.86829560E-07   1.83434850E-06  0.865115225     -0.255729467     -0.313879609       0.00000000       0.00000000    
   2.17764864E-06   5.37776259E-07   1.89569528E-06  0.865115345     -0.255729198     -0.313879550       1.64463628E-07   2.27801409E-02
   1.29552381E-02 -0.463117003       3.23611051E-02   1.77692854E-07  -1.08229995E-06  -1.39332315E-07   1.00000000       1.00000000    
 
  -1.64308267E-06   4.09424911E-06  -4.02084788E-06 -0.960236490      0.966711760      -5.66838402E-03   0.00000000       0.00000000    
  -2.01441844E-06   3.99253577E-06  -3.76508819E-06 -0.960236073      0.966711938      -5.66858239E-03  -3.00528029E-07 -0.430629283    
  0.184338883      -2.54758913E-02  -6.79292232E-02  -4.24328505E-07   1.48156701E-07   3.49608017E-05   1.00000000       1.00000000    
 
   1.60593390E-06  -5.62571995E-06   1.25088673E-05   9.53112030E-04  -1.77336061      -4.93000913E-03   0.00000000       0.00000000    
   1.82333952E-06  -5.42234147E-06   1.25047718E-05   9.52865754E-04  -1.77336061      -4.93011205E-03  -1.26829818E-08  0.666431248    
  0.119234890      -3.75075154E-02  -3.27527989E-04  -2.58436747E-04   5.51805961E-08   2.08306956E-05   1.00000000       1.00000000    
 
   0.00000000       0.00000000       0.00000000       0.00000000       0.00000000       0.00000000       0.00000000       0.00000000    
   0.00000000       0.00000000       0.00000000       0.00000000       0.00000000       0.00000000       1.00000000       576930.000    
   0.00000000       0.00000000       0.00000000       0.00000000       0.00000000       0.00000000       1.00000000       1.00000000    
 
   0.00000000       0.00000000       0.00000000       0.00000000       0.00000000       0.00000000       0.00000000       0.00000000    
   0.00000000       0.00000000       0.00000000       0.00000000       0.00000000       0.00000000       0.00000000       1.00000000    
   0.00000000       0.00000000       0.00000000       0.00000000       0.00000000       0.00000000       0.00000000       1.00000000    
 
 FD THEN ANALYTIC STT THEN NORMALIZED ERROR
 PAGE           1
   3.26855406E-05  -5.50137593E-05   7.91072307E-05   6.60495758      -3.98339677      -1.63024080       0.00000000       0.00000000    
   3.35596633E-05  -4.63618671E-05   7.90416670E-05   6.60496283      -3.98339057      -1.63024068       1.77172558E-06   1.25635076    
   2.60469001E-02 -0.186616570      -8.29474127E-04   7.46840442E-07  -1.54405961E-06  -1.19071693E-07   1.00000000       1.00000000    
 
  -4.51451160E-05   1.90538922E-05  -1.28335832E-05  -16.6658707      -1.44414628     -0.217900246       0.00000000       0.00000000    
  -4.63618671E-05   1.16531810E-05  -1.11894879E-05  -16.6658745      -1.44415271     -0.217901260      -4.36012579E-06  0.310259253    
   2.62446348E-02 -0.635080695     -0.146932200       2.56424840E-07   4.43804811E-06   4.61480749E-06   1.00000000       1.00000000    
 
   7.81821145E-05  -2.33761857E-05   7.71551277E-05   27.5634003      -1.85810268       1.06973922       0.00000000       0.00000000    
   7.90416670E-05  -1.11894879E-05   7.78364411E-05   27.5634060      -1.85809457       1.06973982       2.17225534E-06   1.09368348    
   1.08746374E-02  -1.08912027       8.75308830E-03   2.30829173E-07  -4.39146197E-06   5.21188838E-07   1.00000000       1.00000000    
 
   6.42722845      -17.3813477       27.4661198       1793872.75      -1498233.00      -331825.656       0.00000000       0.00000000    
   6.60496283      -16.6658745       27.5634060       1793873.50      -1498232.62      -331825.906      0.735738277       499111.000    
   2.69092079E-02  -4.29304726E-02   3.52957333E-03   4.53365999E-07  -3.08437166E-07   7.63844753E-07   1.00000000       1.00000000    
 
  -3.90215874     -0.863967538      -2.07809067      -1498232.38       1271505.88       396219.312       0.00000000       0.00000000    
  -3.98339057      -1.44415271      -1.85809457      -1498232.62       1271505.38       396219.031     -0.564000726      -147537.844    
   2.03925986E-02  0.401747793     -0.118398733       1.61409815E-07  -3.93170325E-07  -7.02879618E-07   1.00000000       1.00000000    
 
  -1.70975876      0.164458677       1.03092039      -331825.750       396219.562       1096184.75       0.00000000       0.00000000    
  -1.63024068     -0.217901260       1.06973982      -331825.906       396219.031       1096184.50      -6.87575489E-02  -181086.531    
  -4.87769283E-02   1.75473940       3.62887047E-02   4.91773960E-07  -1.33230719E-06  -1.89577392E-07   1.00000000       1.00000000    
 
   1.75017681E-06  -4.56080306E-06   2.01234570E-06  0.735738099     -0.564000726      -6.87574297E-02   0.00000000       0.00000000    
   1.77172558E-06  -4.36012579E-06   2.17225534E-06  0.735738277     -0.564000726      -6.87575489E-02   5.87305031E-08   9.48840007E-02
   1.21625839E-02  -4.60256152E-02   7.36145526E-02   2.34006819E-07  -5.70573349E-08   1.66083919E-06   1.00000000       1.00000000    
 
   1.23421466      0.268088520       1.12735212       499110.938      -147537.875      -181086.500       0.00000000       0.00000000    
   1.25635076      0.310259253       1.09368348       499111.000      -147537.844      -181086.531       9.48840007E-02   13142.5469    
   1.76193900E-02  0.135920972      -3.07846442E-02   9.51769081E-08  -2.72620014E-07   1.52044265E-07   1.00000000       1.00000000    
 
 PAGE           2
   2.55101668E-06  -8.21839785E-06   2.14429692E-05  -1.68556678      0.812140524       1.21780932       0.00000000       0.00000000    
   2.27170358E-06  -6.34156322E-06   2.25653348E-05  -1.68556631      0.812140405       1.21780860      -3.35102050E-06  -1.16217840    
 -0.122953109     -0.295957714       4.97385077E-02  -2.89922554E-07  -1.96228399E-07  -6.18175136E-07   1.00000000       1.00000000    
 
  -5.67767802E-06  -3.13679739E-05   3.35779587E-05   1.03125536      -12.1309414      -7.86748791       0.00000000       0.00000000    
  -6.34156322E-06  -3.29787908E-05   3.29872273E-05   1.03125525      -12.1309414      -7.86748743       7.95602432E-07   2.30341363    
  0.104687899       4.88439687E-02  -1.79078504E-02  -1.83495345E-07  -4.18779100E-09  -6.74905465E-08   1.00000000       1.00000000    
 
   2.22055533E-05   3.26522968E-05  -4.41063785E-05 -0.132534593       23.2885361       10.5469885       0.00000000       0.00000000    
   2.25653348E-05   3.29872273E-05  -4.15902141E-05 -0.132535040       23.2885323       10.5469866      -3.19801438E-06  -2.17219234    
   1.59440190E-02   1.01533905E-02  -6.04989417E-02   3.35313416E-06  -9.06725575E-08  -1.98412337E-07   1.00000000       1.00000000    
 
  -1.62023878       1.83259475     -0.116824441      -2077242.50       473805.219       106006.492       0.00000000       0.00000000    
  -1.68556631       1.03125525     -0.132535040      -2077242.88       473804.594       106006.242     -0.567145586      -553989.000    
   3.87570150E-02 -0.777052522      0.118539214       1.70798415E-07  -1.29144757E-06  -2.31296576E-06   1.00000000       1.00000000    
 
  0.989813328      -12.1109276       23.5545158       473804.500      -3087580.00      -1274904.12       0.00000000       0.00000000    
  0.812140405      -12.1309414       23.2885323       473804.594      -3087579.50      -1274903.88     -0.171734884       557725.125    
 -0.218771219       1.64978206E-03  -1.14211868E-02   2.21171248E-07  -1.11929268E-07  -1.81971586E-07   1.00000000       1.00000000    
 
   1.33808017      -8.12096214       10.7492437       106006.141      -1274904.12      -999106.250       0.00000000       0.00000000    
   1.21780860      -7.86748743       10.5469866       106006.242      -1274903.88      -999106.062     -0.327632159      -3270.37524    
  -9.87607166E-02  -3.22179981E-02  -1.91768110E-02   1.00778232E-06  -2.47327904E-07  -1.64248249E-07   1.00000000       1.00000000    
 
  -3.30735338E-06   1.36796825E-06  -3.19045012E-06 -0.567145288     -0.171734497     -0.327632040       0.00000000       0.00000000    
  -3.35102050E-06   7.95602432E-07  -3.19801438E-06 -0.567145586     -0.171734884     -0.327632159      -2.12382204E-07 -0.173383638    
   1.30310077E-02 -0.719411910       2.36534583E-03   4.92315110E-07   2.24444261E-06   3.06569319E-07   1.00000000       1.00000000    
 
  -1.18093324       2.43283653      -2.10954261      -553988.938       557725.188      -3270.35327       0.00000000       0.00000000    
  -1.16217840       2.30341363      -2.17219234      -553989.000       557725.125      -3270.37524     -0.173383638      -248442.953    
  -1.61376689E-02  -5.61873913E-02   2.88416669E-02   1.87324659E-07  -1.24870695E-07   6.68021994E-06   1.00000000       1.00000000    
 
 PAGE           3
   4.51967071E-06  -2.20695620E-05   4.87114303E-05 -0.388960034      -3.07301164      0.312377632       0.00000000       0.00000000    
   4.66330721E-06  -1.98030230E-05   4.90663442E-05 -0.388959080      -3.07301140      0.312377304      -1.22041763E-06   1.05193925    
   3.08014452E-02 -0.114454187       7.23331841E-03  -2.43322575E-06  -8.69418102E-08  -1.08069617E-06   1.00000000       1.00000000    
 
  -1.91874697E-05   1.60326817E-05  -5.50936311E-05  -3.45590830       2.32926631      -5.45727921       0.00000000       0.00000000    
  -1.98030230E-05   1.55564539E-05  -5.45798175E-05  -3.45590854       2.32926607      -5.45727921      -7.47247213E-07  -3.12831140    
   3.10838446E-02  -3.06129139E-02  -9.41394083E-03   7.99800404E-08  -1.22275921E-07   8.24232793E-10   1.00000000       1.00000000    
 
   4.87203943E-05  -5.50762452E-05   1.27012230E-04   10.7184105      -7.32737970       5.16956091       0.00000000       0.00000000    
   4.90663442E-05  -5.45798175E-05   1.27363019E-04   10.7184114      -7.32737970       5.16956043       8.07020740E-07   7.21437788    
   7.05058919E-03  -9.09543410E-03   2.75420584E-03   8.79851356E-08  -2.70799418E-08  -1.10074168E-07   1.00000000       1.00000000    
 
 -0.435414404      -3.28733850       10.8820820      -742046.250      -919244.125      -335874.312       0.00000000       0.00000000    
 -0.388959080      -3.45590854       10.7184114      -742046.250      -919244.312      -335874.469     -0.111712381       549.736877    
 -0.119435012       4.87773344E-02  -1.52701018E-02   2.98501535E-09   2.11243631E-07   3.89674369E-07   1.00000000       1.00000000    
 
  -2.97498465       2.40528560      -7.21269608      -919244.125       716351.062      -353736.062       0.00000000       0.00000000    
  -3.07301140       2.32926607      -7.32737970      -919244.312       716351.062      -353736.031     -0.578457713      -1023104.94    
   3.18992250E-02  -3.26367244E-02   1.56513825E-02   1.81744298E-07  -3.37880657E-08  -1.05729725E-07   1.00000000       1.00000000    
 
  0.386291385      -5.77186918       5.30357504      -335874.531      -353736.281      -883430.375       0.00000000       0.00000000    
  0.312377304      -5.45727921       5.16956043      -335874.469      -353736.031      -883430.250     -0.373466611      -2844.32959    
 -0.236617997      -5.76459095E-02  -2.59238034E-02  -2.66904436E-07  -6.80340747E-07  -1.07772351E-07   1.00000000       1.00000000    
 
  -1.19388608E-06  -4.75604594E-07   8.31249849E-07 -0.111712269     -0.578457534     -0.373466581       0.00000000       0.00000000    
  -1.22041763E-06  -7.47247213E-07   8.07020740E-07 -0.111712381     -0.578457713     -0.373466611      -7.52293445E-08  -7.31719285E-03
   2.17397213E-02  0.363524407      -3.00229508E-02   9.96908398E-07   3.13400477E-07   1.26845450E-07   1.00000000       1.00000000    
 
   1.10022533      -2.89861178       7.27880812       549.807556      -1023104.81      -2844.35449       0.00000000       0.00000000    
   1.05193925      -3.12831140       7.21437788       549.736877      -1023104.94      -2844.32959      -7.31719285E-03   384484.188    
  -4.59019020E-02   7.34260976E-02  -8.93077906E-03  -1.28620872E-04   1.32498869E-07  -8.74575380E-06   1.00000000       1.00000000    
 
 PAGE           4
  -1.29433400E-11  -4.86558320E-12   6.30127686E-11   1.80066309E-07  -5.80788264E-06   9.99324584E-07   0.00000000       0.00000000    
  -1.04109343E-11  -2.01371801E-11   6.51104656E-11   1.80060141E-07  -5.80789538E-06   9.99317763E-07  -5.60583210E-13   1.54975703E-06
   2.53240528E-12  -1.52715965E-11   2.09769463E-12  -3.42993444E-05   2.21828031E-06  -6.73829481E-06  -5.60583210E-13   1.00000000    
 
  -1.35371271E-11   7.21892685E-11  -1.88518062E-10  -2.82043311E-05   7.64220204E-06  -5.16451792E-06   0.00000000       0.00000000    
  -2.01371801E-11   6.53982979E-11  -1.93666388E-10  -2.82043329E-05   7.64220113E-06  -5.16451109E-06  -3.86852226E-12  -8.09750782E-06
  -6.60005297E-12  -6.79096493E-12   2.65834946E-02   9.03061377E-08  -5.19591090E-08  -1.31470404E-06  -3.86852226E-12   1.00000000    
 
   7.24073856E-11  -2.10265375E-10   4.36928244E-10   5.65313021E-05  -2.40314548E-05   5.24492350E-07   0.00000000       0.00000000    
   6.51104656E-11  -1.93666388E-10   4.43831305E-10   5.65313130E-05  -2.40314403E-05   5.24496215E-07   7.93389052E-12   1.90116516E-05
  -7.29692261E-12  -8.57091099E-02   1.55533506E-02   1.54421613E-07  -5.94619451E-07   7.33455772E-06   7.93389052E-12   1.00000000    
 
  -1.41018995E-06  -2.34019935E-05   5.52845995E-05  -3.03224730      -7.30556440      -2.52500272       0.00000000       0.00000000    
   1.80060141E-07  -2.82043329E-05   5.65313130E-05  -3.03224921      -7.30556774      -2.52500582       2.72765533E-06   3.86657119    
   8.83177185      0.170269564       2.20534932E-02   6.21808226E-07   4.58176203E-07   1.25394092E-06   1.00000000       1.00000000    
 
  -7.90068771E-06   1.17114050E-05  -2.35055377E-05  -7.30556583       2.32019186     -0.478361726       0.00000000       0.00000000    
  -5.80789538E-06   7.64220113E-06  -2.40314403E-05  -7.30556774       2.32018876     -0.478363633       3.97416756E-07 -0.656802297    
 -0.360335797     -0.532464921       2.18838826E-02   2.57351815E-07  -1.33624462E-06   3.97127133E-06   1.00000000       1.00000000    
 
  -6.01498698E-07  -3.32617810E-06   1.02619583E-06  -2.52500510     -0.478362501      -2.01909161       0.00000000       0.00000000    
   9.99317763E-07  -5.16451109E-06   5.24496215E-07  -2.52500582     -0.478363633      -2.01909304       4.13388278E-07   3.41712348E-02
   1.60190928      0.355954915     -0.956536293       3.21306374E-07   2.31565286E-06   6.85972452E-07   1.00000000       1.00000000    
 
  -5.28424581E-13  -3.81715493E-12   7.08923024E-12   2.72765556E-06   3.97416727E-07   4.13388733E-07   0.00000000       0.00000000    
  -5.60583210E-13  -3.86852226E-12   7.93389052E-12   2.72765533E-06   3.97416756E-07   4.13388278E-07   1.20345628E-12   9.13265239E-07
  -3.21586528E-14  -5.13671408E-14   8.44660171E-13  -8.42050767E-08   7.90571448E-08  -1.08494294E-06   1.20345628E-12   1.00000000    
 
   1.15589694E-06  -9.69001030E-06   1.85629706E-05   3.86657047     -0.656803429       3.41714919E-02   0.00000000       0.00000000    
   1.54975703E-06  -8.09750782E-06   1.90116516E-05   3.86657119     -0.656802297       3.41712348E-02   9.13265239E-07  0.784286737    
  0.254143149     -0.196665689       2.36003362E-02   1.53323313E-07  -1.77088361E-06  -7.55676274E-06   1.00000000       1.00000000    
 
 PAGE           5
   1.50774518E-10  -1.38724046E-10   1.38234577E-10   4.22259182E-05   3.16579440E-06   5.56033410E-06   0.00000000       0.00000000    
   1.55900293E-10  -1.09408649E-10   1.31196137E-10   4.22259363E-05   3.16581827E-06   5.56033729E-06   5.78912049E-12   1.26203429E-06
   3.28785703E-02 -0.267944008      -5.36482073E-02   3.90855035E-07   7.60689227E-06   5.62650143E-07   5.78912049E-12   1.00000000    
 
  -1.04426627E-10   1.03975349E-10   8.22586790E-11  -3.57231947E-05  -2.47665848E-05  -1.70498006E-05   0.00000000       0.00000000    
  -1.09408649E-10   9.64952770E-11   8.67252034E-11  -3.57231984E-05  -2.47665903E-05  -1.70497988E-05  -3.90306450E-12  -7.31513353E-07
   4.55359221E-02  -7.48007212E-12   4.46652307E-12   1.02264679E-07   1.70084817E-07  -5.29722648E-08  -3.90306450E-12   1.00000000    
 
   1.17614835E-10   7.27488833E-11  -2.96261127E-10   5.12567276E-05   5.98056031E-05   4.07943407E-05   0.00000000       0.00000000    
   1.31196137E-10   8.67252034E-11  -2.84615831E-10   5.12567276E-05   5.98056031E-05   4.07943298E-05   7.63048392E-12  -6.71464977E-06
  0.103519127       1.39763175E-11  -4.09158133E-02  -2.72577800E-08   2.41925480E-09  -3.29036482E-07   7.63048392E-12   1.00000000    
 
   3.79627490E-05  -4.22193589E-05   5.31285805E-05   18.0277290       2.00354719       1.81884134       0.00000000       0.00000000    
   4.22259363E-05  -3.57231984E-05   5.12567276E-05   18.0277348       2.00355148       1.81883979       2.42286160E-06  0.187999740    
  0.100961305     -0.181847125      -3.65192182E-02   2.46352784E-07   2.08041206E-06  -8.34405114E-07   1.00000000       1.00000000    
 
   3.70359680E-06  -2.73019614E-05   6.07250768E-05   2.00354910     -0.299175620     -0.644384384       0.00000000       0.00000000    
   3.16581827E-06  -2.47665903E-05   5.98056031E-05   2.00355148     -0.299173892     -0.644383490      -2.07257449E-06   1.02477455    
 -0.169870257     -0.102370635      -1.53744230E-02   1.16968113E-06  -5.80425376E-06  -1.41308692E-06   1.00000000       1.00000000    
 
   5.37740925E-06  -1.69025097E-05   4.18530726E-05   1.81883943     -0.644382656       5.00367594       0.00000000       0.00000000    
   5.56033729E-06  -1.70497988E-05   4.07943298E-05   1.81883979     -0.644383490       5.00367594      -1.46024615E-06  0.691024840    
   3.28987278E-02   8.63879733E-03  -2.59532239E-02   1.87614404E-07   1.24185328E-06   5.31391073E-08   1.00000000       1.00000000    
 
   4.36710043E-12  -5.52555788E-12   8.02329991E-12   2.42286069E-06  -2.07257563E-06  -1.46024547E-06   0.00000000       0.00000000    
   5.78912049E-12  -3.90306450E-12   7.63048392E-12   2.42286160E-06  -2.07257449E-06  -1.46024615E-06   7.41130681E-13  -1.79058887E-07
   1.42202005E-12   1.62249305E-12  -3.92815798E-13   3.86678295E-07  -5.32717422E-07   4.27333447E-07   7.41130681E-13   1.00000000    
 
   2.75410031E-07  -3.40380126E-07  -6.15150657E-06  0.187999904       1.02477503      0.691025436       0.00000000       0.00000000    
   1.26203429E-06  -7.31513353E-07  -6.71464977E-06  0.187999740       1.02477455      0.691024840      -1.79058887E-07 -0.165963307    
  0.781772971      0.534690440       8.38678405E-02  -8.58896044E-07  -5.54062183E-07  -8.53088409E-07   1.00000000       1.00000000    
 
 PAGE           6
  -2.46060755E-10   3.29034681E-11   8.12019618E-11  -9.19205995E-05  -1.41027404E-05  -1.29983246E-05   0.00000000       0.00000000    
  -2.47160015E-10   5.28285879E-12   8.33449490E-11  -9.19206141E-05  -1.41027713E-05  -1.29983318E-05  -1.56246995E-11  -3.26660415E-06
   4.44756960E-03  -2.76206107E-11   2.14299281E-12   1.42213253E-07   2.19726849E-06   5.58695092E-07  -1.56246995E-11   1.00000000    
 
   1.13112558E-11  -8.80178291E-11  -1.94840116E-10   3.76426142E-05  -1.11378977E-05  -1.70178537E-05   0.00000000       0.00000000    
   5.28285879E-12  -8.25971305E-11  -1.92544661E-10   3.76426142E-05  -1.11378904E-05  -1.70178500E-05   4.99505472E-12  -2.69123348E-06
  -6.02839653E-12   5.42069861E-12  -1.19216815E-02   3.16116768E-08  -6.66908079E-07  -2.71418941E-07   4.99505472E-12   1.00000000    
 
   8.23165286E-11  -1.68266970E-10   1.82278415E-10  -4.73965301E-05   3.79530757E-05   2.19683443E-05   0.00000000       0.00000000    
   8.33449490E-11  -1.92544661E-10   1.94745650E-10  -4.73965447E-05   3.79530502E-05   2.19683297E-05  -6.09423536E-12   1.22487745E-05
   1.02841954E-12  0.126088634       6.40180707E-02   2.89096931E-07  -6.75761726E-07  -6.45120849E-07  -6.09423536E-12   1.00000000    
 
  -9.22442705E-05   5.65396003E-05  -4.53235443E-05  -48.7956696      -4.35237837      -6.80439806       0.00000000       0.00000000    
  -9.19206141E-05   3.76426142E-05  -4.73965447E-05  -48.7956810      -4.35239267      -6.80440140      -3.60363038E-06  -2.83027005    
  -3.52106756E-03 -0.502010405       4.37373556E-02   1.68068382E-07   3.24626149E-06   5.06004653E-07   1.00000000       1.00000000    
 
  -1.38789410E-05  -7.29768863E-06   4.27782761E-05  -4.35239172      -22.2621803      -9.63164139       0.00000000       0.00000000    
  -1.41027713E-05  -1.11378904E-05   3.79530502E-05  -4.35239267      -22.2621803      -9.63163948      -9.02361421E-07  -1.81665802    
   1.58713888E-02  0.344787180     -0.127136648       1.92680844E-07  -1.70176353E-08  -1.88673511E-07   1.00000000       1.00000000    
 
  -1.27402391E-05  -1.90903320E-05   2.50212142E-05  -6.80440283      -9.63164330      -15.9342813       0.00000000       0.00000000    
  -1.29983318E-05  -1.70178500E-05   2.19683297E-05  -6.80440140      -9.63163948      -15.9342804      -1.78392600E-06  -1.09241247    
   1.98558439E-02 -0.121782884     -0.138967499      -2.43399711E-07  -3.36560277E-07  -9.19995244E-08   1.00000000       1.00000000    
 
  -1.57207771E-11   8.35781704E-12  -5.89554577E-12  -3.60362878E-06  -9.02358977E-07  -1.78392520E-06   0.00000000       0.00000000    
  -1.56246995E-11   4.99505472E-12  -6.09423536E-12  -3.60363038E-06  -9.02361421E-07  -1.78392600E-06  -4.25530027E-13  -3.03982858E-07
   9.60784729E-14  -3.36276211E-12  -1.98689765E-13   4.35405155E-07   2.71155341E-06   4.21811478E-07  -4.25530027E-13   1.00000000    
 
  -3.10760788E-06  -1.22497306E-06   1.22972751E-05  -2.83026934      -1.81665695      -1.09241235       0.00000000       0.00000000    
  -3.26660415E-06  -2.69123348E-06   1.22487745E-05  -2.83027005      -1.81665802      -1.09241247      -3.03982858E-07  -6.91151023E-02
   4.86732610E-02  0.544828415      -3.95961246E-03   2.63171557E-07   5.76434445E-07   1.42563437E-07   1.00000000       1.00000000    
 
 PAGE           7
   0.00000000       0.00000000       0.00000000       0.00000000       0.00000000       0.00000000       0.00000000       0.00000000    
   0.00000000       0.00000000       0.00000000       0.00000000       0.00000000       0.00000000       0.00000000       0.00000000    
   0.00000000       0.00000000       0.00000000       0.00000000       0.00000000       0.00000000       0.00000000       0.00000000    
 
   0.00000000       0.00000000       0.00000000       0.00000000       0.00000000       0.00000000       0.00000000       0.00000000    
   0.00000000       0.00000000       0.00000000       0.00000000       0.00000000       0.00000000       0.00000000       0.00000000    
   0.00000000       0.00000000       0.00000000       0.00000000       0.00000000       0.00000000       0.00000000       0.00000000    
 
   0.00000000       0.00000000       0.00000000       0.00000000       0.00000000       0.00000000       0.00000000       0.00000000    
   0.00000000       0.00000000       0.00000000       0.00000000       0.00000000       0.00000000       0.00000000       0.00000000    
   0.00000000       0.00000000       0.00000000       0.00000000       0.00000000       0.00000000       0.00000000       0.00000000    
 
   0.00000000       0.00000000       0.00000000       0.00000000       0.00000000       0.00000000       0.00000000       0.00000000    
   0.00000000       0.00000000       0.00000000       0.00000000       0.00000000       0.00000000       0.00000000       0.00000000    
   0.00000000       0.00000000       0.00000000       0.00000000       0.00000000       0.00000000       0.00000000       0.00000000    
 
   0.00000000       0.00000000       0.00000000       0.00000000       0.00000000       0.00000000       0.00000000       0.00000000    
   0.00000000       0.00000000       0.00000000       0.00000000       0.00000000       0.00000000       0.00000000       0.00000000    
   0.00000000       0.00000000       0.00000000       0.00000000       0.00000000       0.00000000       0.00000000       0.00000000    
 
   0.00000000       0.00000000       0.00000000       0.00000000       0.00000000       0.00000000       0.00000000       0.00000000    
   0.00000000       0.00000000       0.00000000       0.00000000       0.00000000       0.00000000       0.00000000       0.00000000    
   0.00000000       0.00000000       0.00000000       0.00000000       0.00000000       0.00000000       0.00000000       0.00000000    
 
   0.00000000       0.00000000       0.00000000       0.00000000       0.00000000       0.00000000       0.00000000       0.00000000    
   0.00000000       0.00000000       0.00000000       0.00000000       0.00000000       0.00000000       0.00000000       0.00000000    
   0.00000000       0.00000000       0.00000000       0.00000000       0.00000000       0.00000000       0.00000000       0.00000000    
 
  -1.37025596E-19  -2.96154925E-20  -5.90230267E-20   6.77524834E-20   2.03631300E-20   4.85000712E-20   0.00000000       0.00000000    
   0.00000000       0.00000000       0.00000000       0.00000000       0.00000000       0.00000000       0.00000000       0.00000000    
   1.37025596E-19   2.96154925E-20   5.90230267E-20  -6.77524834E-20  -2.03631300E-20  -4.85000712E-20   0.00000000       0.00000000    
 
 PAGE           8
   0.00000000       0.00000000       0.00000000       0.00000000       0.00000000       0.00000000       0.00000000       0.00000000    
   0.00000000       0.00000000       0.00000000       0.00000000       0.00000000       0.00000000       0.00000000       0.00000000    
   0.00000000       0.00000000       0.00000000       0.00000000       0.00000000       0.00000000       0.00000000       0.00000000    
 
   0.00000000       0.00000000       0.00000000       0.00000000       0.00000000       0.00000000       0.00000000       0.00000000    
   0.00000000       0.00000000       0.00000000       0.00000000       0.00000000       0.00000000       0.00000000       0.00000000    
   0.00000000       0.00000000       0.00000000       0.00000000       0.00000000       0.00000000       0.00000000       0.00000000    
 
   0.00000000       0.00000000       0.00000000       0.00000000       0.00000000       0.00000000       0.00000000       0.00000000    
   0.00000000       0.00000000       0.00000000       0.00000000       0.00000000       0.00000000       0.00000000       0.00000000    
   0.00000000       0.00000000       0.00000000       0.00000000       0.00000000       0.00000000       0.00000000       0.00000000    
 
   0.00000000       0.00000000       0.00000000       0.00000000       0.00000000       0.00000000       0.00000000       0.00000000    
   0.00000000       0.00000000       0.00000000       0.00000000       0.00000000       0.00000000       0.00000000       0.00000000    
   0.00000000       0.00000000       0.00000000       0.00000000       0.00000000       0.00000000       0.00000000       0.00000000    
 
   0.00000000       0.00000000       0.00000000       0.00000000       0.00000000       0.00000000       0.00000000       0.00000000    
   0.00000000       0.00000000       0.00000000       0.00000000       0.00000000       0.00000000       0.00000000       0.00000000    
   0.00000000       0.00000000       0.00000000       0.00000000       0.00000000       0.00000000       0.00000000       0.00000000    
 
   0.00000000       0.00000000       0.00000000       0.00000000       0.00000000       0.00000000       0.00000000       0.00000000    
   0.00000000       0.00000000       0.00000000       0.00000000       0.00000000       0.00000000       0.00000000       0.00000000    
   0.00000000       0.00000000       0.00000000       0.00000000       0.00000000       0.00000000       0.00000000       0.00000000    
 
   0.00000000       0.00000000       0.00000000       0.00000000       0.00000000       0.00000000       0.00000000       0.00000000    
   0.00000000       0.00000000       0.00000000       0.00000000       0.00000000       0.00000000       0.00000000       0.00000000    
   0.00000000       0.00000000       0.00000000       0.00000000       0.00000000       0.00000000       0.00000000       0.00000000    
 
   0.00000000       0.00000000       0.00000000       0.00000000       0.00000000       0.00000000       0.00000000       0.00000000    
   0.00000000       0.00000000       0.00000000       0.00000000       0.00000000       0.00000000       0.00000000       0.00000000    
   0.00000000       0.00000000       0.00000000       0.00000000       0.00000000       0.00000000       0.00000000       0.00000000    
 
