 Integrating base case
 Done.
 Integrating finite diff first order with step    9.99999999999999999999999999999999932E-0010
 Done
 Integrating finite diff second order with step    9.99999999999999999999999999999999932E-0010
 Done
 FINAL TIME
   769845939.18506300     
 FINAL STATE
  -5950.3185718789746        21869.576312431967       -67348.487833324150       -7.1671836874398709E-002   1.2520238460673832E-002   1.0421264277531270E-002   769845939.18506300        1.0000000000000000     
 FD THEN ANALYTIC STM THEN NORMALIZED ERROR
   2.83436704       7.67464924       4.56040955      -413918.312      -12655.0684      -51245.7266       0.00000000       0.00000000    
 -0.252287596      0.751731098      -1.29080641      -413930.406      -12645.9014      -51244.5664      -3.75846066E-02  -41349.6328    
   12.2346659      -9.20930099       4.53299236       2.92210825E-05  -7.24944111E-04  -2.27124983E-05   1.00000000       1.00000000    
 
  -1.35204756       1.03615379       1.68996835      -127101.203      -231462.000      -182976.406       0.00000000       0.00000000    
 -0.352534264      0.710713744      0.832822025      -127105.609      -231463.109      -182978.859       4.82682185E-03   7223.30127    
  -2.83522296     -0.457905948      -1.02920699       3.46768684E-05   4.84405018E-06   1.34594020E-05   1.00000000       1.00000000    
 
  0.175887048      -2.58363223       1.51676190      -128672.320      -165277.453      -95796.5469       0.00000000       0.00000000    
 -0.233257547     -0.265287519       1.32767618      -128672.078      -165277.625      -95795.1328      -1.22674098E-02   6012.33984    
   1.75404656      -8.73898888     -0.142418593      -1.86915054E-06   1.01731825E-06  -1.47598867E-05   1.00000000       1.00000000    
 
  -1.08102204E-05  -7.87745307E-07  -1.81144333E-05  0.865101576     -0.255698323     -0.313871264       0.00000000       0.00000000    
   2.17764864E-06   5.37776259E-07   1.89569528E-06  0.865115345     -0.255729198     -0.313879550       1.64463628E-07   2.27801409E-02
   5.96417093       2.46481991       10.5555620       1.59527117E-05   1.20759301E-04   2.64074970E-05   1.00000000       1.00000000    
 
  -2.92385312E-06   5.13584309E-05   4.06827667E-06 -0.960189104      0.966708601      -5.65828942E-03   0.00000000       0.00000000    
  -2.01441844E-06   3.99253577E-06  -3.76508819E-06 -0.960236073      0.966711938      -5.66858239E-03  -3.00528029E-07 -0.430629283    
 -0.451462746      -11.8636122       2.08052635       4.89524173E-05   3.44338810E-06   1.81580929E-03   1.00000000       1.00000000    
 
   6.30699424E-06  -3.70973175E-05   1.65622878E-05   9.45281819E-04  -1.77336776      -4.94097685E-03   0.00000000       0.00000000    
   1.82333952E-06  -5.42234147E-06   1.25047718E-05   9.52865754E-04  -1.77336061      -4.93011205E-03  -1.26829818E-08  0.666431248    
  -2.45903444      -5.84156799     -0.324477434       7.95913022E-03  -4.03892591E-06  -2.20376742E-03   1.00000000       1.00000000    
 
   0.00000000       0.00000000       0.00000000       0.00000000       0.00000000       0.00000000       0.00000000       0.00000000    
   0.00000000       0.00000000       0.00000000       0.00000000       0.00000000       0.00000000       1.00000000       576930.000    
   0.00000000       0.00000000       0.00000000       0.00000000       0.00000000       0.00000000       1.00000000       1.00000000    
 
   0.00000000       0.00000000       0.00000000       0.00000000       0.00000000       0.00000000       0.00000000       0.00000000    
   0.00000000       0.00000000       0.00000000       0.00000000       0.00000000       0.00000000       0.00000000       1.00000000    
   0.00000000       0.00000000       0.00000000       0.00000000       0.00000000       0.00000000       0.00000000       1.00000000    
 
 FD THEN ANALYTIC STT THEN NORMALIZED ERROR
 PAGE           1
  -2.54624087E-04   3.12045944E-04   2.59026041E-04   6.60455751      -3.98367214      -1.62929654       0.00000000       0.00000000    
   3.35596633E-05  -4.63618671E-05   7.90416670E-05   6.60496283      -3.98339057      -1.63024068       1.77172558E-06   1.25635076    
   8.58720589       7.73065948      -2.27708220       6.13074008E-05  -7.07182990E-05   5.79119136E-04   1.00000000       1.00000000    
 
   3.23609333E-04  -2.89783842E-04  -1.21677098E-04  -16.6653080      -1.44404674     -0.218493208       0.00000000       0.00000000    
  -4.63618671E-05   1.16531810E-05  -1.11894879E-05  -16.6658745      -1.44415271     -0.217901260      -4.36012579E-06  0.310259253    
   7.98007584       25.8673592      -9.87423325       3.40446022E-05   7.34242349E-05  -2.71659181E-03   1.00000000       1.00000000    
 
  -2.74686696E-04   3.67631816E-04   2.71721336E-04   27.5629520      -1.85838521       1.07090807       0.00000000       0.00000000    
   7.90416670E-05  -1.11894879E-05   7.78364411E-05   27.5634060      -1.85809457       1.06973982       2.17225534E-06   1.09368348    
   4.47521400       33.8551064      -2.49092722       1.64724115E-05  -1.56438691E-04  -1.09209947E-03   1.00000000       1.00000000    
 
  -45.9613724       82.9632645       84.0841980       1793845.38      -1498307.62      -331658.250       0.00000000       0.00000000    
   6.60496283      -16.6658745       27.5634060       1793873.50      -1498232.62      -331825.906      0.735738277       499111.000    
   7.95861197       5.97803259      -2.05057359       1.56596288E-05  -5.01173126E-05   5.05330798E-04   1.00000000       1.00000000    
 
   44.7627983      -10.6883154     -0.318032026      -1498179.88       1271494.12       396233.656       0.00000000       0.00000000    
  -3.98339057      -1.44415271      -1.85809457      -1498232.62       1271505.38       396219.031     -0.564000726      -147537.844    
   12.2373619      -6.40109777      0.828839719       3.51800081E-05   8.80136395E-06  -3.68731053E-05   1.00000000       1.00000000    
 
   22.0496979      -15.4785366       3.00917578      -331782.438       396206.031       1096173.62       0.00000000       0.00000000    
  -1.63024068     -0.217901260       1.06973982      -331825.906       396219.031       1096184.50      -6.87575489E-02  -181086.531    
   14.5254250      -70.0346375      -1.81299794       1.31054650E-04   3.28534625E-05   9.97770076E-06   1.00000000       1.00000000    
 
   2.95361542E-06   1.03611537E-05   1.35049413E-05  0.735749304     -0.564015388      -6.87126070E-02   0.00000000       0.00000000    
   1.77172558E-06  -4.36012579E-06   2.17225534E-06  0.735738277     -0.564000726      -6.87575489E-02   5.87305031E-08   9.48840007E-02
 -0.667084038       3.37634301      -5.21701384      -1.49508642E-05  -2.60583492E-05   6.53643918E-04   1.00000000       1.00000000    
 
  0.721822560      0.809485137       3.67121029       499108.375      -147536.812      -181078.328       0.00000000       0.00000000    
   1.25635076      0.310259253       1.09368348       499111.000      -147537.844      -181086.531       9.48840007E-02   13142.5469    
  0.425460964      -1.60906053      -2.35673928       5.25167843E-06   6.94419941E-06   4.52581007E-05   1.00000000       1.00000000    
 
 PAGE           2
   1.31627778E-04  -7.00797173E-05   5.87722825E-05  -1.68538260      0.811972916       1.21816957       0.00000000       0.00000000    
   2.27170358E-06  -6.34156322E-06   2.25653348E-05  -1.68556631      0.812140405       1.21780860      -3.35102050E-06  -1.16217840    
  -56.9423180      -10.0508585      -1.60453844       1.09024273E-04   2.06169614E-04  -2.96388665E-04   1.00000000       1.00000000    
 
  -8.29200362E-05   3.92890361E-05   5.22501214E-05   1.03120744      -12.1309004      -7.86756802       0.00000000       0.00000000    
  -6.34156322E-06  -3.29787908E-05   3.29872273E-05   1.03125525      -12.1309414      -7.86748743       7.95602432E-07   2.30341363    
  -12.0756464       2.19134259     -0.583950043       4.63649994E-05   3.34260471E-06  -1.02407603E-05   1.00000000       1.00000000    
 
   3.91575799E-04  -1.51671498E-04  -4.29661086E-05 -0.132104918       23.2884636       10.5472679       0.00000000       0.00000000    
   2.25653348E-05   3.29872273E-05  -4.15902141E-05 -0.132535040       23.2885323       10.5469866      -3.19801438E-06  -2.17219234    
  -16.3529797       5.59788561      -3.30821909E-02   3.24536255E-03   2.99228464E-06  -2.66579627E-05   1.00000000       1.00000000    
 
   46.0962181      -23.1048355       3.56679678      -2077183.88       473788.906       105992.938       0.00000000       0.00000000    
  -1.68556631       1.03125525     -0.132535040      -2077242.88       473804.594       106006.242     -0.567145586      -553989.000    
   28.3476143       23.4045753       27.9121037       2.83859517E-05   3.31284318E-05   1.25575840E-04   1.00000000       1.00000000    
 
  -44.1079712       20.9025669       34.5067406       473760.469      -3087602.00      -1274883.00       0.00000000       0.00000000    
  0.812140405      -12.1309414       23.2885323       473804.594      -3087579.50      -1274903.88     -0.171734884       557725.125    
   55.3107719       2.72307873     -0.481705219       9.31355462E-05  -7.30915735E-06   1.63792574E-05   1.00000000       1.00000000    
 
  -23.1950817      -3.76923418       16.0437412       105982.305      -1274926.00      -999072.812       0.00000000       0.00000000    
   1.21780860      -7.86748743       10.5469866       106006.242      -1274903.88      -999106.062     -0.327632159      -3270.37524    
   20.0465736      0.520910025     -0.521168172       2.25847965E-04  -1.73745502E-05   3.32822456E-05   1.00000000       1.00000000    
 
   2.32547554E-05  -1.82672429E-05  -7.82363350E-06 -0.567114472     -0.171727255     -0.327667326       0.00000000       0.00000000    
  -3.35102050E-06   7.95602432E-07  -3.19801438E-06 -0.567145586     -0.171734884     -0.327632159      -2.12382204E-07 -0.173383638    
   7.93960381       23.9602661      -1.44640350       5.49026954E-05   4.43833487E-05  -1.07398351E-04   1.00000000       1.00000000    
 
   10.1314974      -9.18498611      -5.17122126      -553983.062       557724.250      -3280.29199       0.00000000       0.00000000    
  -1.16217840       2.30341363      -2.17219234      -553989.000       557725.125      -3270.37524     -0.173383638      -248442.953    
   9.71767807       4.98755407      -1.38064623       1.07174938E-05   1.52729626E-06  -3.03234137E-03   1.00000000       1.00000000    
 
 PAGE           3
  -1.49338211E-05  -2.15606160E-05   9.72359630E-05 -0.388888657      -3.07318878      0.312678009       0.00000000       0.00000000    
   4.66330721E-06  -1.98030230E-05   4.90663442E-05 -0.388959080      -3.07301140      0.312377304      -1.22041763E-06   1.05193925    
   4.20240974      -8.87537971E-02 -0.981724262       1.81061012E-04  -5.77567407E-05  -9.62694932E-04   1.00000000       1.00000000    
 
   6.74327239E-05  -2.64124483E-05  -6.28597409E-05  -3.45582080       2.32932305      -5.45726109       0.00000000       0.00000000    
  -1.98030230E-05   1.55564539E-05  -5.45798175E-05  -3.45590854       2.32926607      -5.45727921      -7.47247213E-07  -3.12831140    
   4.40517330       2.69784522     -0.151703060       2.53606759E-05  -2.45414358E-05   3.30844432E-06   1.00000000       1.00000000    
 
  -2.84054804E-05   6.70830705E-05   2.12525527E-04   10.7184505      -7.32752419       5.16982365       0.00000000       0.00000000    
   4.90663442E-05  -5.45798175E-05   1.27363019E-04   10.7184114      -7.32737970       5.16956043       8.07020740E-07   7.21437788    
   1.57891989       2.22908187     -0.668659627      -3.64505559E-06  -1.97516511E-05  -5.08725825E-05   1.00000000       1.00000000    
 
  -1.10372090      -4.82786322       24.0161953      -742030.000      -919274.938      -335860.812       0.00000000       0.00000000    
 -0.388959080      -3.45590854       10.7184114      -742046.250      -919244.312      -335874.469     -0.111712381       549.736877    
  -1.83762717     -0.396988213      -1.24064887       2.19174817E-05  -3.32927993E-05   4.06316249E-05   1.00000000       1.00000000    
 
   17.3345947      -25.5540028      -15.1418762      -919239.625       716353.125      -353753.156       0.00000000       0.00000000    
  -3.07301140       2.32926607      -7.32737970      -919244.312       716351.062      -353736.031     -0.578457713      -1023104.94    
   6.64091444       11.9708395      -1.06647909       5.07109553E-06  -2.89756258E-06  -4.83751028E-05   1.00000000       1.00000000    
 
  -12.3975830      -11.0166197       7.11799574      -335887.500      -353757.375      -883396.250       0.00000000       0.00000000    
  0.312377304      -5.45727921       5.16956043      -335874.469      -353736.031      -883430.250     -0.373466611      -2844.32959    
   40.6878471      -1.01870179     -0.376905441      -3.87980253E-05  -6.02918990E-05   3.84815467E-05   1.00000000       1.00000000    
 
   6.99851580E-06  -7.60638204E-06   1.28065051E-06 -0.111697614     -0.578457773     -0.373479813       0.00000000       0.00000000    
  -1.22041763E-06  -7.47247213E-07   8.07020740E-07 -0.111712381     -0.578457713     -0.373466611      -7.52293445E-08  -7.31719285E-03
   6.73452520      -9.17920494     -0.586886764       1.32195535E-04  -1.08142231E-07  -3.52873903E-05   1.00000000       1.00000000    
 
  -11.5140686      -1.95990539       8.54632759       552.957275      -1023110.56      -2858.22559       0.00000000       0.00000000    
   1.05193925      -3.12831140       7.21437788       549.736877      -1023104.94      -2844.32959      -7.31719285E-03   384484.188    
   11.9455633      0.373494178     -0.184624270      -5.85811399E-03  -5.49392507E-06  -4.88553988E-03   1.00000000       1.00000000    
 
 PAGE           4
   6.96260660E-10  -8.00346456E-11   1.79980406E-10   1.81022045E-07  -5.80796177E-06   9.99088456E-07   0.00000000       0.00000000    
  -1.04109343E-11  -2.01371801E-11   6.51104656E-11   1.80060141E-07  -5.80789538E-06   9.99317763E-07  -5.60583210E-13   1.54975703E-06
  -7.06671555E-10   5.98974620E-11  -1.14869947E-10  -5.34210633E-03  -1.14425211E-05   2.29551923E-04  -5.60583210E-13   1.00000000    
 
  -4.65953734E-11  -5.77280335E-10  -5.52157764E-10  -2.82042984E-05   7.64275410E-06  -5.16631508E-06   0.00000000       0.00000000    
  -2.01371801E-11   6.53982979E-11  -1.93666388E-10  -2.82043329E-05   7.64220113E-06  -5.16451109E-06  -3.86852226E-12  -8.09750782E-06
   2.64581933E-11   6.42678633E-10  -1.85107684       1.25331701E-06  -7.24014099E-05  -3.49229522E-04  -3.86852226E-12   1.00000000    
 
  -1.84709337E-09   1.06820142E-09   1.12125575E-09   5.65303599E-05  -2.40320787E-05   5.26546614E-07   0.00000000       0.00000000    
   6.51104656E-11  -1.93666388E-10   4.43831305E-10   5.65313130E-05  -2.40314403E-05   5.24496215E-07   7.93389052E-12   1.90116516E-05
   1.91220373E-09   6.51567793      -1.52631080       1.68001061E-05  -2.65681738E-05  -3.90928565E-03   7.93389052E-12   1.00000000    
 
   9.99534604E-05   1.84452889E-04   2.01514194E-04  -3.03210235      -7.30559063      -2.52470994       0.00000000       0.00000000    
   1.80060141E-07  -2.82043329E-05   5.65313130E-05  -3.03224921      -7.30556774      -2.52500582       2.72765533E-06   3.86657119    
  -554.111511       7.53987741      -2.56464744       4.84288212E-05  -3.12205452E-06   1.17154610E-04   1.00000000       1.00000000    
 
   2.72305217E-04  -3.56349410E-05  -4.94923443E-05  -7.30542040       2.32023501     -0.478470683       0.00000000       0.00000000    
  -5.80789538E-06   7.64220113E-06  -2.40314403E-05  -7.30556774       2.32018876     -0.478363633       3.97416756E-07 -0.656802297    
   47.8853531       5.66291618      -1.05948317       2.01486400E-05  -1.99666283E-05  -2.23813768E-04   1.00000000       1.00000000    
 
   1.47074839E-04   1.86562120E-05   1.41049859E-05  -2.52498960     -0.478362083      -2.01902986       0.00000000       0.00000000    
   9.99317763E-07  -5.16451109E-06   5.24496215E-07  -2.52500582     -0.478363633      -2.01909304       4.13388278E-07   3.41712348E-02
  -146.175247       4.61238670      -25.8924465       6.45452337E-06   3.20872778E-06   3.12150878E-05   1.00000000       1.00000000    
 
  -6.15960477E-11   8.81765078E-11   6.17253818E-11   2.72764328E-06   3.97417665E-07   4.13550509E-07   0.00000000       0.00000000    
  -5.60583210E-13  -3.86852226E-12   7.93389052E-12   2.72765533E-06   3.97416756E-07   4.13388278E-07   1.20345628E-12   9.13265239E-07
   6.10354614E-11  -9.20450313E-11  -5.37914921E-11   4.38478946E-06  -2.26973884E-06  -3.92413873E-04   1.20345628E-12   1.00000000    
 
  -8.72373785E-05   1.06557083E-04   7.30876563E-05   3.86647034     -0.656856060       3.44276838E-02   0.00000000       0.00000000    
   1.54975703E-06  -8.09750782E-06   1.90116516E-05   3.86657119     -0.656802297       3.41712348E-02   9.13265239E-07  0.784286737    
   57.2910042       14.1592436      -2.84436154       2.60708257E-05  -8.19182824E-05  -7.50481943E-03   1.00000000       1.00000000    
 
 PAGE           5
  -7.42229000E-10   7.76738451E-10   4.00831923E-10   4.22239209E-05   3.16520277E-06   5.56265968E-06   0.00000000       0.00000000    
   1.55900293E-10  -1.09408649E-10   1.31196137E-10   4.22259363E-05   3.16581827E-06   5.56033729E-06   5.78912049E-12   1.26203429E-06
   5.76092100       8.09942436      -2.05521131       4.77309950E-05   1.94436347E-04  -4.17683477E-04   5.78912049E-12   1.00000000    
 
  -9.77787087E-11  -3.79910305E-11   5.27378800E-11  -3.57226236E-05  -2.47663993E-05  -1.70503772E-05   0.00000000       0.00000000    
  -1.09408649E-10   9.64952770E-11   8.67252034E-11  -3.57231984E-05  -2.47665903E-05  -1.70497988E-05  -3.90306450E-12  -7.31513353E-07
  0.106298186       1.34486311E-10   3.39873234E-11   1.60907020E-05   7.65990808E-06  -3.38530117E-05  -3.90306450E-12   1.00000000    
 
   9.28425559E-10   6.52953247E-10   1.55066168E-10   5.12568404E-05   5.98052357E-05   4.07974258E-05   0.00000000       0.00000000    
   1.31196137E-10   8.67252034E-11  -2.84615831E-10   5.12567276E-05   5.98056031E-05   4.07943298E-05   7.63048392E-12  -6.71464977E-06
  -6.07662249      -5.66228064E-10   1.54482615      -2.22766039E-06   6.12277154E-06  -7.58811584E-05   7.63048392E-12   1.00000000    
 
   3.90327623E-05   2.62221671E-04   1.46767372E-04   18.0273399       2.00326872       1.81962442       0.00000000       0.00000000    
   4.22259363E-05  -3.57231984E-05   5.12567276E-05   18.0277348       2.00355148       1.81883979       2.42286160E-06  0.187999740    
   7.56211206E-02   8.34037495      -1.86337781       2.18182013E-05   1.41153389E-04  -4.31381515E-04   1.00000000       1.00000000    
 
  -6.39221980E-05   1.06225543E-05   5.62875830E-05   2.00347614     -0.299329668     -0.644237876       0.00000000       0.00000000    
   3.16581827E-06  -2.47665903E-05   5.98056031E-05   2.00355148     -0.299173892     -0.644383490      -2.07257449E-06   1.02477455    
   21.1913662       1.42890668       5.88242598E-02   3.76160169E-05  -5.20620262E-04   2.25984317E-04   1.00000000       1.00000000    
 
   4.01438665E-05  -1.03823681E-04  -4.72406646E-06   1.81888473     -0.644459248       5.00350332       0.00000000       0.00000000    
   5.56033729E-06  -1.70497988E-05   4.07943298E-05   1.81883979     -0.644383490       5.00367594      -1.46024615E-06  0.691024840    
  -6.21968222      -5.08943701       1.11580205      -2.47194221E-05  -1.17604563E-04   3.45290100E-05   1.00000000       1.00000000    
 
   2.10354928E-11   8.24026750E-11   3.58566371E-11   2.42274655E-06  -2.07263656E-06  -1.46000207E-06   0.00000000       0.00000000    
   5.78912049E-12  -3.90306450E-12   7.63048392E-12   2.42286160E-06  -2.07257449E-06  -1.46024615E-06   7.41130681E-13  -1.79058887E-07
  -1.52463719E-11  -8.63057403E-11  -2.82261541E-11   4.75187990E-05  -2.98631603E-05   1.67148697E-04   7.41130681E-13   1.00000000    
 
   1.09375957E-04  -3.53057185E-05  -2.32595739E-05  0.188015342       1.02476144      0.691007257       0.00000000       0.00000000    
   1.26203429E-06  -7.31513353E-07  -6.71464977E-06  0.187999740       1.02477455      0.691024840      -1.79058887E-07 -0.165963307    
  -85.6663895      -47.2639427      -2.46400404      -8.29642231E-05   1.27407411E-05   2.54331389E-05   1.00000000       1.00000000    
 
 PAGE           6
   1.18397125E-09  -1.34138589E-09  -1.13156685E-10  -9.19178128E-05  -1.41032124E-05  -1.30000717E-05   0.00000000       0.00000000    
  -2.47160015E-10   5.28285879E-12   8.33449490E-11  -9.19206141E-05  -1.41027713E-05  -1.29983318E-05  -1.56246995E-11  -3.26660415E-06
   5.79030228       1.34666867E-09   1.96501634E-10   3.04822897E-05  -3.12356533E-05  -1.33884125E-04  -1.56246995E-11   1.00000000    
 
  -6.88989477E-10   3.19723970E-10   8.84464637E-12   3.76421158E-05  -1.11376621E-05  -1.70172916E-05   0.00000000       0.00000000    
   5.28285879E-12  -8.25971305E-11  -1.92544661E-10   3.76426142E-05  -1.11378904E-05  -1.70178500E-05   4.99505472E-12  -2.69123348E-06
   6.94272306E-10  -4.02321093E-10   1.04593551       1.32694195E-05   2.04614571E-05   3.28358401E-05   4.99505472E-12   1.00000000    
 
   1.53237079E-09  -4.78337536E-10   5.61932778E-10  -4.73939508E-05   3.79527737E-05   2.19692138E-05   0.00000000       0.00000000    
   8.33449490E-11  -1.92544661E-10   1.94745650E-10  -4.73965447E-05   3.79530502E-05   2.19683297E-05  -6.09423536E-12   1.22487745E-05
  -1.44902579E-09  -1.48429394      -1.88547039       5.46822012E-05   7.31465479E-06  -4.02118967E-05  -6.09423536E-12   1.00000000    
 
   6.66657987E-04  -5.45118877E-04  -1.87168131E-04  -48.7947044      -4.35218811      -6.80577946       0.00000000       0.00000000    
  -9.19206141E-05   3.76426142E-05  -4.73965447E-05  -48.7956810      -4.35239267      -6.80440140      -3.60363038E-06  -2.83027005    
   8.25254059       15.4814281      -2.94898248       2.00071900E-05   4.69480801E-05  -2.02507101E-04   1.00000000       1.00000000    
 
  -5.38751628E-05  -1.50137843E-04  -6.45289692E-05  -4.35263968      -22.2620640      -9.63233280       0.00000000       0.00000000    
  -1.41027713E-05  -1.11378904E-05   3.79530502E-05  -4.35239267      -22.2621803      -9.63163948      -9.02361421E-07  -1.81665802    
  -2.82018280      -12.4799175       2.70023131      -5.68097894E-05   5.22325126E-06  -7.19207092E-05   1.00000000       1.00000000    
 
  -1.32287183E-04  -4.20971373E-05   2.16645049E-06  -6.80467796      -9.63172150      -15.9341917       0.00000000       0.00000000    
  -1.29983318E-05  -1.70178500E-05   2.19683297E-05  -6.80440140      -9.63163948      -15.9342804      -1.78392600E-06  -1.09241247    
  -9.17724323      -1.47370481      0.901383042      -4.06413092E-05  -8.50948709E-06   5.55910219E-06   1.00000000       1.00000000    
 
   1.13152453E-10  -7.18124032E-11  -1.39583015E-11  -3.60346280E-06  -9.02329134E-07  -1.78410255E-06   0.00000000       0.00000000    
  -1.56246995E-11   4.99505472E-12  -6.09423536E-12  -3.60363038E-06  -9.02361421E-07  -1.78392600E-06  -4.25530027E-13  -3.03982858E-07
  -1.28777156E-10   7.68074562E-11   7.86406617E-12   4.65231860E-05   3.57559693E-05  -9.89815308E-05  -4.25530027E-13   1.00000000    
 
  -2.14826232E-05  -1.11905138E-05   2.15072068E-05  -2.83021092      -1.81667602      -1.09245360       0.00000000       0.00000000    
  -3.26660415E-06  -2.69123348E-06   1.22487745E-05  -2.83027005      -1.81665802      -1.09241247      -3.03982858E-07  -6.91151023E-02
  -5.57643843      -3.15813589     -0.755865932       2.08552829E-05  -9.89067485E-06  -3.76113239E-05   1.00000000       1.00000000    
 
 PAGE           7
   0.00000000       0.00000000       0.00000000       0.00000000       0.00000000       0.00000000       0.00000000       0.00000000    
   0.00000000       0.00000000       0.00000000       0.00000000       0.00000000       0.00000000       0.00000000       0.00000000    
   0.00000000       0.00000000       0.00000000       0.00000000       0.00000000       0.00000000       0.00000000       0.00000000    
 
   0.00000000       0.00000000       0.00000000       0.00000000       0.00000000       0.00000000       0.00000000       0.00000000    
   0.00000000       0.00000000       0.00000000       0.00000000       0.00000000       0.00000000       0.00000000       0.00000000    
   0.00000000       0.00000000       0.00000000       0.00000000       0.00000000       0.00000000       0.00000000       0.00000000    
 
   0.00000000       0.00000000       0.00000000       0.00000000       0.00000000       0.00000000       0.00000000       0.00000000    
   0.00000000       0.00000000       0.00000000       0.00000000       0.00000000       0.00000000       0.00000000       0.00000000    
   0.00000000       0.00000000       0.00000000       0.00000000       0.00000000       0.00000000       0.00000000       0.00000000    
 
   0.00000000       0.00000000       0.00000000       0.00000000       0.00000000       0.00000000       0.00000000       0.00000000    
   0.00000000       0.00000000       0.00000000       0.00000000       0.00000000       0.00000000       0.00000000       0.00000000    
   0.00000000       0.00000000       0.00000000       0.00000000       0.00000000       0.00000000       0.00000000       0.00000000    
 
   0.00000000       0.00000000       0.00000000       0.00000000       0.00000000       0.00000000       0.00000000       0.00000000    
   0.00000000       0.00000000       0.00000000       0.00000000       0.00000000       0.00000000       0.00000000       0.00000000    
   0.00000000       0.00000000       0.00000000       0.00000000       0.00000000       0.00000000       0.00000000       0.00000000    
 
   0.00000000       0.00000000       0.00000000       0.00000000       0.00000000       0.00000000       0.00000000       0.00000000    
   0.00000000       0.00000000       0.00000000       0.00000000       0.00000000       0.00000000       0.00000000       0.00000000    
   0.00000000       0.00000000       0.00000000       0.00000000       0.00000000       0.00000000       0.00000000       0.00000000    
 
   0.00000000       0.00000000       0.00000000       0.00000000       0.00000000       0.00000000       0.00000000       0.00000000    
   0.00000000       0.00000000       0.00000000       0.00000000       0.00000000       0.00000000       0.00000000       0.00000000    
   0.00000000       0.00000000       0.00000000       0.00000000       0.00000000       0.00000000       0.00000000       0.00000000    
 
   5.90987543E-18   9.33326166E-18  -8.48628000E-18  -1.26458162E-18   4.91095227E-18  -5.76526606E-18   0.00000000       0.00000000    
   0.00000000       0.00000000       0.00000000       0.00000000       0.00000000       0.00000000       0.00000000       0.00000000    
  -5.90987543E-18  -9.33326166E-18   8.48628000E-18   1.26458162E-18  -4.91095227E-18   5.76526606E-18   0.00000000       0.00000000    
 
 PAGE           8
   0.00000000       0.00000000       0.00000000       0.00000000       0.00000000       0.00000000       0.00000000       0.00000000    
   0.00000000       0.00000000       0.00000000       0.00000000       0.00000000       0.00000000       0.00000000       0.00000000    
   0.00000000       0.00000000       0.00000000       0.00000000       0.00000000       0.00000000       0.00000000       0.00000000    
 
   0.00000000       0.00000000       0.00000000       0.00000000       0.00000000       0.00000000       0.00000000       0.00000000    
   0.00000000       0.00000000       0.00000000       0.00000000       0.00000000       0.00000000       0.00000000       0.00000000    
   0.00000000       0.00000000       0.00000000       0.00000000       0.00000000       0.00000000       0.00000000       0.00000000    
 
   0.00000000       0.00000000       0.00000000       0.00000000       0.00000000       0.00000000       0.00000000       0.00000000    
   0.00000000       0.00000000       0.00000000       0.00000000       0.00000000       0.00000000       0.00000000       0.00000000    
   0.00000000       0.00000000       0.00000000       0.00000000       0.00000000       0.00000000       0.00000000       0.00000000    
 
   0.00000000       0.00000000       0.00000000       0.00000000       0.00000000       0.00000000       0.00000000       0.00000000    
   0.00000000       0.00000000       0.00000000       0.00000000       0.00000000       0.00000000       0.00000000       0.00000000    
   0.00000000       0.00000000       0.00000000       0.00000000       0.00000000       0.00000000       0.00000000       0.00000000    
 
   0.00000000       0.00000000       0.00000000       0.00000000       0.00000000       0.00000000       0.00000000       0.00000000    
   0.00000000       0.00000000       0.00000000       0.00000000       0.00000000       0.00000000       0.00000000       0.00000000    
   0.00000000       0.00000000       0.00000000       0.00000000       0.00000000       0.00000000       0.00000000       0.00000000    
 
   0.00000000       0.00000000       0.00000000       0.00000000       0.00000000       0.00000000       0.00000000       0.00000000    
   0.00000000       0.00000000       0.00000000       0.00000000       0.00000000       0.00000000       0.00000000       0.00000000    
   0.00000000       0.00000000       0.00000000       0.00000000       0.00000000       0.00000000       0.00000000       0.00000000    
 
   0.00000000       0.00000000       0.00000000       0.00000000       0.00000000       0.00000000       0.00000000       0.00000000    
   0.00000000       0.00000000       0.00000000       0.00000000       0.00000000       0.00000000       0.00000000       0.00000000    
   0.00000000       0.00000000       0.00000000       0.00000000       0.00000000       0.00000000       0.00000000       0.00000000    
 
   0.00000000       0.00000000       0.00000000       0.00000000       0.00000000       0.00000000       0.00000000       0.00000000    
   0.00000000       0.00000000       0.00000000       0.00000000       0.00000000       0.00000000       0.00000000       0.00000000    
   0.00000000       0.00000000       0.00000000       0.00000000       0.00000000       0.00000000       0.00000000       0.00000000    
 
