 Integrating base case
 Done.
 Integrating finite diff first order with step    10.0000000000000000000000000000000000      
 Done
 Integrating finite diff second order with step    10.0000000000000000000000000000000000      
 Done
 FINAL TIME
   769845939.18506300     
 FINAL STATE
  -5950.3185718789746        21869.576312431967       -67348.487833324150       -7.1671836874398709E-002   1.2520238460673832E-002   1.0421264277531270E-002   769845939.18506300        1.0000000000000000     
 FD THEN ANALYTIC STM THEN NORMALIZED ERROR
 -0.252287596      0.751731098      -1.29080641       568259.312       916.650452       1914.42017       0.00000000       0.00000000    
 -0.252287596      0.751731098      -1.29080641      -413930.406      -12645.9014      -51244.5664      -3.75846066E-02  -41349.6328    
  -4.24241087E-09  -4.19200959E-11  -7.97633071E-11   2.37283778       1.07248592       1.03735852       1.00000000       1.00000000    
 
 -0.352534264      0.710713744      0.832822025      -17479.3281       571752.438       159.575333       0.00000000       0.00000000    
 -0.352534264      0.710713744      0.832822025      -127105.609      -231463.109      -182978.859       4.82682185E-03   7223.30127    
  -3.89551585E-10   2.47009385E-10   2.16912099E-10  0.862481833       3.47016644       1.00087214       1.00000000       1.00000000    
 
 -0.233257547     -0.265287519       1.32767618       46984.1641       663.885132       569847.625       0.00000000       0.00000000    
 -0.233257547     -0.265287519       1.32767618      -128672.078      -165277.625      -95795.1328      -1.22674098E-02   6012.33984    
  -5.07911657E-10   7.61036900E-10   1.30223679E-10   1.36514652       1.00401676       6.94860744       1.00000000       1.00000000    
 
   2.17764864E-06   5.37776259E-07   1.89569528E-06  0.978647470       6.33097393E-03   5.54389553E-03   0.00000000       0.00000000    
   2.17764864E-06   5.37776259E-07   1.89569528E-06  0.865115345     -0.255729198     -0.313879550       1.64463628E-07   2.27801409E-02
  -1.35578937E-09   1.66664671E-09  -4.04038414E-10 -0.131233528       1.02475655       1.01766253       1.00000000       1.00000000    
 
  -2.01441844E-06   3.99253577E-06  -3.76508819E-06  -2.79231593E-02  0.992615461       3.83155933E-03   0.00000000       0.00000000    
  -2.01441844E-06   3.99253577E-06  -3.76508819E-06 -0.960236073      0.966711938      -5.66858239E-03  -3.00528029E-07 -0.430629283    
   3.19512444E-10  -5.93413374E-10  -3.14474800E-11  0.970920503      -2.67954934E-02   1.67592907       1.00000000       1.00000000    
 
   1.82333952E-06  -5.42234147E-06   1.25047718E-05   8.96634758E-02   4.71002841E-03  0.982654929       0.00000000       0.00000000    
   1.82333952E-06  -5.42234147E-06   1.25047718E-05   9.52865754E-04  -1.77336061      -4.93011205E-03  -1.26829818E-08  0.666431248    
   1.14979770E-09   6.04872957E-11   1.38777601E-10  -93.0987473       1.00265598       200.316956       1.00000000       1.00000000    
 
   0.00000000       0.00000000       0.00000000      -2.42738124E-26  -5.41606360E-28  -7.64403505E-26   0.00000000       0.00000000    
   0.00000000       0.00000000       0.00000000       0.00000000       0.00000000       0.00000000       1.00000000       576930.000    
   0.00000000       0.00000000       0.00000000       2.42738124E-26   5.41606360E-28   7.64403505E-26   1.00000000       1.00000000    
 
   0.00000000       0.00000000       0.00000000       0.00000000       0.00000000       0.00000000       0.00000000       0.00000000    
   0.00000000       0.00000000       0.00000000       0.00000000       0.00000000       0.00000000       0.00000000       1.00000000    
   0.00000000       0.00000000       0.00000000       0.00000000       0.00000000       0.00000000       0.00000000       1.00000000    
 
 FD THEN ANALYTIC STT THEN NORMALIZED ERROR
 PAGE           1
   3.35596633E-05  -4.63618671E-05   7.90416670E-05  -2.73752604E-02   6.86840562E-04  -1.01214470E-02   0.00000000       0.00000000    
   3.35596633E-05  -4.63618671E-05   7.90416670E-05   6.60496283      -3.98339057      -1.63024068       1.77172558E-06   1.25635076    
   3.65242125E-09   2.78977424E-10   5.73369519E-10   1.00414467       1.00017238      0.993791461       1.00000000       1.00000000    
 
  -4.63618671E-05   1.16531810E-05  -1.11894879E-05  -2.33596098E-02  -1.80358719E-02  -2.06955168E-02   0.00000000       0.00000000    
  -4.63618671E-05   1.16531810E-05  -1.11894879E-05  -16.6658745      -1.44415271     -0.217901260      -4.36012579E-06  0.310259253    
   2.13122142E-09   1.82267701E-09   2.12093232E-09  0.998598337      0.987511098      0.905023396       1.00000000       1.00000000    
 
   7.90416670E-05  -1.11894879E-05   7.78364411E-05 -0.137524307      -3.76103772E-03  -1.81861185E-02   0.00000000       0.00000000    
   7.90416670E-05  -1.11894879E-05   7.78364411E-05   27.5634060      -1.85809457       1.06973982       2.17225534E-06   1.09368348    
   1.96587879E-09   1.72183179E-09   6.88082979E-10   1.00498939      0.997975886       1.01700056       1.00000000       1.00000000    
 
   6.60496283      -16.6658745       27.5634060       354.006531      -50.2421341      -26.8865433       0.00000000       0.00000000    
   6.60496283      -16.6658745       27.5634060       1793873.50      -1498232.62      -331825.906      0.735738277       499111.000    
   2.66257039E-09  -2.17241346E-11   1.71398354E-10  0.999802649      0.999966443      0.999918997       1.00000000       1.00000000    
 
  -3.98339057      -1.44415271      -1.85809457       751.116943      -703.804626      -140.032364       0.00000000       0.00000000    
  -3.98339057      -1.44415271      -1.85809457      -1498232.62       1271505.38       396219.031     -0.564000726      -147537.844    
   1.05000586E-09  -1.41201317E-09  -1.11733389E-09   1.00050139       1.00055349       1.00035346       1.00000000       1.00000000    
 
  -1.63024068     -0.217901260       1.06973982      -10528.0439      -23.5395813      -760.520447       0.00000000       0.00000000    
  -1.63024068     -0.217901260       1.06973982      -331825.906       396219.031       1096184.50      -6.87575489E-02  -181086.531    
   2.85405699E-09  -9.42954870E-09  -1.82487314E-09  0.968272388       1.00005937       1.00069380       1.00000000       1.00000000    
 
   1.77172558E-06  -4.36012579E-06   2.17225534E-06   8.72158408E-02   1.38870971E-02   7.91999232E-03   0.00000000       0.00000000    
   1.77172558E-06  -4.36012579E-06   2.17225534E-06  0.735738277     -0.564000726      -6.87575489E-02   5.87305031E-08   9.48840007E-02
   2.10740492E-09  -6.91296534E-11   6.33289088E-10  0.881458044       1.02462244       1.11518729       1.00000000       1.00000000    
 
   1.25635076      0.310259253       1.09368348       564611.125       3652.52881       3198.43970       0.00000000       0.00000000    
   1.25635076      0.310259253       1.09368348       499111.000      -147537.844      -181086.531       9.48840007E-02   13142.5469    
   7.37342798E-10  -1.30006617E-09  -8.09824360E-11 -0.131233528       1.02475655       1.01766253       1.00000000       1.00000000    
 
 PAGE           2
   2.27170358E-06  -6.34156322E-06   2.25653348E-05  -7.16743246E-02  -1.82968993E-02  -2.06599832E-02   0.00000000       0.00000000    
   2.27170358E-06  -6.34156322E-06   2.25653348E-05  -1.68556631      0.812140405       1.21780860      -3.35102050E-06  -1.16217840    
   9.83300819E-09  -8.81749784E-10   9.85104220E-10  0.957477629       1.02252924       1.01696491       1.00000000       1.00000000    
 
  -6.34156322E-06  -3.29787908E-05   3.29872273E-05 -0.581467390       6.00839779E-03   1.82640478E-02   0.00000000       0.00000000    
  -6.34156322E-06  -3.29787908E-05   3.29872273E-05   1.03125525      -12.1309414      -7.86748743       7.95602432E-07   2.30341363    
   1.12013965E-09   1.12298296E-10  -1.04564545E-10   1.56384432       1.00049531       1.00232148       1.00000000       1.00000000    
 
   2.25653348E-05   3.29872273E-05  -4.15902141E-05 -0.599411786      -8.86275526E-03   4.32787323E-03   0.00000000       0.00000000    
   2.25653348E-05   3.29872273E-05  -4.15902141E-05 -0.132535040       23.2885323       10.5469866      -3.19801438E-06  -2.17219234    
  -7.75934039E-11   2.76133838E-10  -3.16860205E-10  -3.52266669       1.00038052      0.999589682       1.00000000       1.00000000    
 
  -1.68556631       1.03125525     -0.132535040      -1329.98975      -709.318970      -139.661713       0.00000000       0.00000000    
  -1.68556631       1.03125525     -0.132535040      -2077242.88       473804.594       106006.242     -0.567145586      -553989.000    
   3.96006161E-09   2.22745822E-09  -7.37526484E-10  0.999359727       1.00149703       1.00131750       1.00000000       1.00000000    
 
  0.812140405      -12.1309414       23.2885323      -25823.7754       74.6534195       9.81476307       0.00000000       0.00000000    
  0.812140405      -12.1309414       23.2885323       473804.594      -3087579.50      -1274903.88     -0.171734884       557725.125    
   4.63345939E-09   4.59429647E-11   1.20749771E-10   1.05450296       1.00002420       1.00000775       1.00000000       1.00000000    
 
   1.21780860      -7.86748743       10.5469866      -26937.3926      -168.958664       99.4421997       0.00000000       0.00000000    
   1.21780860      -7.86748743       10.5469866       106006.242      -1274903.88      -999106.062     -0.327632159      -3270.37524    
   3.48946450E-09   1.03109778E-10   2.69435224E-10   1.25411141      0.999867499       1.00009954       1.00000000       1.00000000    
 
  -3.35102050E-06   7.95602432E-07  -3.19801438E-06  0.781137764      -9.06158530E-04   1.64776680E-03   0.00000000       0.00000000    
  -3.35102050E-06   7.95602432E-07  -3.19801438E-06 -0.567145586     -0.171734884     -0.327632159      -2.12382204E-07 -0.173383638    
   1.84495663E-09   1.18632637E-09   4.41887915E-10   2.37731433      0.994723499       1.00502932       1.00000000       1.00000000    
 
  -1.16217840       2.30341363      -2.17219234      -16109.7080       572669.625       2210.54150       0.00000000       0.00000000    
  -1.16217840       2.30341363      -2.17219234      -553989.000       557725.125      -3270.37524     -0.173383638      -248442.953    
   1.36088385E-09   1.17953605E-10  -5.66083430E-11  0.970920503      -2.67954934E-02   1.67592907       1.00000000       1.00000000    
 
 PAGE           3
   4.66330721E-06  -1.98030230E-05   4.90663442E-05  -2.86983438E-02  -3.72104580E-03  -1.84045620E-02   0.00000000       0.00000000    
   4.66330721E-06  -1.98030230E-05   4.90663442E-05 -0.388959080      -3.07301140      0.312377304      -1.22041763E-06   1.05193925    
   5.43941869E-09  -1.67856812E-10   2.44773951E-10  0.926217556      0.998789132       1.05891776       1.00000000       1.00000000    
 
  -1.98030230E-05   1.55564539E-05  -5.45798175E-05 -0.612338603      -8.65527894E-03   4.70645679E-03   0.00000000       0.00000000    
  -1.98030230E-05   1.55564539E-05  -5.45798175E-05  -3.45590854       2.32926607      -5.45727921      -7.47247213E-07  -3.12831140    
   2.04955317E-10  -1.43585768E-10  -6.51157045E-11  0.822813988       1.00371587       1.00086236       1.00000000       1.00000000    
 
   4.90663442E-05  -5.45798175E-05   1.27363019E-04  0.607545853      -6.68200757E-03  -8.41724221E-03   0.00000000       0.00000000    
   4.90663442E-05  -5.45798175E-05   1.27363019E-04   10.7184114      -7.32737970       5.16956043       8.07020740E-07   7.21437788    
   4.26743613E-10  -2.19307905E-11   4.43001642E-11  0.943317533      0.999088049       1.00162828       1.00000000       1.00000000    
 
 -0.388959080      -3.45590854       10.7184114      -5808.27197      -23.7594376      -764.757385       0.00000000       0.00000000    
 -0.388959080      -3.45590854       10.7184114      -742046.250      -919244.312      -335874.469     -0.111712381       549.736877    
   1.07672891E-10  -3.63730601E-10  -5.01632555E-11  0.992172599      0.999974132      0.997723103       1.00000000       1.00000000    
 
  -3.07301140       2.32926607      -7.32737970      -27394.1914      -167.569931       103.947807       0.00000000       0.00000000    
  -3.07301140       2.32926607      -7.32737970      -919244.312       716351.062      -353736.031     -0.578457713      -1023104.94    
   6.82425449E-10   1.75250481E-10  -1.45238405E-10  0.970199227       1.00023389       1.00029385       1.00000000       1.00000000    
 
  0.312377274      -5.45727921       5.16956043       25388.5879      -27.0307770       16.4510040       0.00000000       0.00000000    
  0.312377304      -5.45727921       5.16956043      -335874.469      -353736.031      -883430.250     -0.373466611      -2844.32959    
   1.19105215E-08   9.95007549E-11   5.16711229E-10   1.07558954      0.999923587       1.00001860       1.00000000       1.00000000    
 
  -1.22041763E-06  -7.47247213E-07   8.07020740E-07  0.229775235       1.61850534E-03  -4.58176335E-04   0.00000000       0.00000000    
  -1.22041763E-06  -7.47247213E-07   8.07020740E-07 -0.111712381     -0.578457713     -0.373466611      -7.52293445E-08  -7.31719285E-03
   2.09890172E-09  -6.23642027E-10  -1.03742059E-09   3.05684662       1.00279796      0.998773158       1.00000000       1.00000000    
 
   1.05193925      -3.12831140       7.21437788       51729.5508       2717.35669       566923.062       0.00000000       0.00000000    
   1.05193925      -3.12831140       7.21437788       549.736877      -1023104.94      -2844.32959      -7.31719285E-03   384484.188    
  -2.05011075E-09  -1.25593508E-10  -1.73443315E-10  -93.0987473       1.00265598       200.316956       1.00000000       1.00000000    
 
 PAGE           4
  -1.04109343E-11  -2.01371801E-11   6.51104656E-11  -4.82030771E-08   8.42767356E-10  -1.78459043E-08   0.00000000       0.00000000    
  -1.04109343E-11  -2.01371801E-11   6.51104656E-11   1.80060141E-07  -5.80789538E-06   9.99317763E-07  -5.60583210E-13   1.54975703E-06
  -1.17366292E-19   3.55144632E-20  -2.88853667E-20   1.26770544       1.00014508       1.01785803      -5.60583210E-13   1.00000000    
 
  -2.01371801E-11   6.53982979E-11  -1.93666388E-10  -4.32201546E-08  -3.35449464E-08  -3.59905954E-08   0.00000000       0.00000000    
  -2.01371801E-11   6.53982979E-11  -1.93666388E-10  -2.82043329E-05   7.64220113E-06  -5.16451109E-06  -3.86852226E-12  -8.09750782E-06
  -1.44175203E-19   1.01173777E-20   2.65697075E-10  0.998467624       1.00438941      0.993031144      -3.86852226E-12   1.00000000    
 
   6.51104656E-11  -1.93666388E-10   4.43831305E-10  -2.75456983E-07  -6.63142119E-09  -3.40685382E-08   0.00000000       0.00000000    
   6.51104656E-11  -1.93666388E-10   4.43831305E-10   5.65313130E-05  -2.40314403E-05   5.24496215E-07   7.93389052E-12   1.90116516E-05
   2.44544600E-19   5.49990053E-10  -7.91104890E-11   1.00487268      0.999724030       1.06495476       7.93389052E-12   1.00000000    
 
   1.80060141E-07  -2.82043329E-05   5.65313130E-05   1.22375437E-03  -1.17993106E-04  -6.58349018E-05   0.00000000       0.00000000    
   1.80060141E-07  -2.82043329E-05   5.65313130E-05  -3.03224921      -7.30556774      -2.52500582       2.72765533E-06   3.86657119    
  -2.75071663E-08   3.37170680E-10  -1.23595190E-10   1.00040352      0.999983847      0.999973953       1.00000000       1.00000000    
 
  -5.80789538E-06   7.64220113E-06  -2.40314403E-05   1.36614789E-03  -1.37176644E-03  -2.21013208E-04   0.00000000       0.00000000    
  -5.80789538E-06   7.64220113E-06  -2.40314403E-05  -7.30556774       2.32018876     -0.478363633       3.97416756E-07 -0.656802297    
   5.24370858E-09   1.36471445E-09  -1.88136964E-10   1.00018704       1.00059128      0.999538004       1.00000000       1.00000000    
 
   9.99317763E-07  -5.16451109E-06   5.24496215E-07  -2.05433983E-02  -1.89045932E-05  -1.51960389E-03   0.00000000       0.00000000    
   9.99317763E-07  -5.16451109E-06   5.24496215E-07  -2.52500582     -0.478363633      -2.01909304       4.13388278E-07   3.41712348E-02
  -3.25117977E-09  -4.90748941E-10   1.70827317E-08  0.991864026      0.999960482      0.999247372       1.00000000       1.00000000    
 
  -5.60583264E-13  -3.86852226E-12   7.93389052E-12   1.70502361E-07   2.46830307E-08   1.42552681E-08   0.00000000       0.00000000    
  -5.60583210E-13  -3.86852226E-12   7.93389052E-12   2.72765533E-06   3.97416756E-07   4.13388278E-07   1.20345628E-12   9.13265239E-07
   1.07696371E-20  -1.16075784E-20  -4.95321728E-21  0.937491238      0.937891304      0.965516031       1.20345628E-12   1.00000000    
 
   1.54975703E-06  -8.09750782E-06   1.90116516E-05  -6.05491456E-03   1.36227040E-02   5.88536961E-03   0.00000000       0.00000000    
   1.54975703E-06  -8.09750782E-06   1.90116516E-05   3.86657119     -0.656802297       3.41712348E-02   9.13265239E-07  0.784286737    
   1.78288406E-08   1.14269061E-09   2.84459706E-10   1.00156593       1.02074099      0.827768326       1.00000000       1.00000000    
 
 PAGE           5
   1.55900293E-10  -1.09408649E-10   1.31196137E-10  -1.28157211E-07  -3.43300002E-08  -3.64635042E-08   0.00000000       0.00000000    
   1.55900293E-10  -1.09408649E-10   1.31196137E-10   4.22259363E-05   3.16581827E-06   5.56033729E-06   5.78912049E-12   1.26203429E-06
   2.39314502E-09   2.99767683E-10   1.25103072E-09   1.00303507       1.01084399       1.00655782       5.78912049E-12   1.00000000    
 
  -1.09408649E-10   9.64952770E-11   8.67252034E-11  -1.09489974E-06   1.06270948E-08   3.15793649E-08   0.00000000       0.00000000    
  -1.09408649E-10   9.64952770E-11   8.67252034E-11  -3.57231984E-05  -2.47665903E-05  -1.70497988E-05  -3.90306450E-12  -7.31513353E-07
   8.51178905E-10   1.57876614E-22  -4.64769974E-20  0.969350457       1.00042903       1.00185215      -3.90306450E-12   1.00000000    
 
   1.31196137E-10   8.67252034E-11  -2.84615831E-10  -1.12220221E-06  -1.60841491E-08   7.57211804E-09   0.00000000       0.00000000    
   1.31196137E-10   8.67252034E-11  -2.84615831E-10   5.12567276E-05   5.98056031E-05   4.07943298E-05   7.63048392E-12  -6.71464977E-06
   1.86940308E-09  -8.67979034E-20  -2.57848548E-10   1.02189374       1.00026894      0.999814391       7.63048392E-12   1.00000000    
 
   4.22259363E-05  -3.57231984E-05   5.12567276E-05  -2.32012104E-03  -1.39187661E-03  -2.26155971E-04   0.00000000       0.00000000    
   4.22259363E-05  -3.57231984E-05   5.12567276E-05   18.0277348       2.00355148       1.81883979       2.42286160E-06  0.187999740    
   2.33024600E-09  -3.37186640E-10   1.16397125E-09   1.00012875       1.00069475       1.00012434       1.00000000       1.00000000    
 
   3.16581827E-06  -2.47665903E-05   5.98056031E-05  -4.88319732E-02   1.85520636E-04   1.16710112E-06   0.00000000       0.00000000    
   3.16581827E-06  -2.47665903E-05   5.98056031E-05   2.00355148     -0.299173892     -0.644383490      -2.07257449E-06   1.02477455    
   7.81316434E-09  -7.25256910E-10   4.68174222E-10   1.02437270       1.00062013       1.00000179       1.00000000       1.00000000    
 
   5.56033729E-06  -1.70497988E-05   4.07943298E-05  -5.03694639E-02  -3.13413038E-04   1.33571419E-04   0.00000000       0.00000000    
   5.56033729E-06  -1.70497988E-05   4.07943298E-05   1.81883979     -0.644383490       5.00367594      -1.46024615E-06  0.691024840    
  -2.77517587E-09  -1.17365173E-09   7.96687785E-11   1.02769315      0.999513626      0.999973297       1.00000000       1.00000000    
 
   5.78912049E-12  -3.90306450E-12   7.63048392E-12   1.46676109E-06  -1.45196091E-10   4.01355349E-09   0.00000000       0.00000000    
   5.78912049E-12  -3.90306450E-12   7.63048392E-12   2.42286160E-06  -2.07257449E-06  -1.46024615E-06   7.41130681E-13  -1.79058887E-07
   2.82845137E-20   1.29993296E-22   1.72473459E-20  0.394616246      0.999929965       1.00274849       7.41130681E-13   1.00000000    
 
   1.26203429E-06  -7.31513353E-07  -6.71464977E-06   1.41080581E-02   1.17407329E-02   1.09743169E-02   0.00000000       0.00000000    
   1.26203429E-06  -7.31513353E-07  -6.71464977E-06  0.187999740       1.02477455      0.691024840      -1.79058887E-07 -0.165963307    
  -2.83936341E-09  -9.09220432E-09  -9.14890663E-10  0.924957037      0.988543093      0.984118760       1.00000000       1.00000000    
 
 PAGE           6
  -2.47160015E-10   5.28285879E-12   8.33449490E-11  -7.01841572E-08  -6.55609567E-09  -3.46852040E-08   0.00000000       0.00000000    
  -2.47160015E-10   5.28285879E-12   8.33449490E-11  -9.19206141E-05  -1.41027713E-05  -1.29983318E-05  -1.56246995E-11  -3.26660415E-06
   1.49217971E-09   1.39145324E-19  -9.85297414E-20  0.999236465      0.999535143      0.997331560      -1.56246995E-11   1.00000000    
 
   5.28285879E-12  -8.25971305E-11  -1.92544661E-10  -1.14573265E-06  -1.55021436E-08   8.51096171E-09   0.00000000       0.00000000    
   5.28285879E-12  -8.25971305E-11  -1.92544661E-10   3.76426142E-05  -1.11378904E-05  -1.70178500E-05   4.99505472E-12  -2.69123348E-06
   8.68522001E-20  -9.21372509E-20   1.24097232E-10   1.03043711      0.998608172       1.00050008       4.99505472E-12   1.00000000    
 
   8.33449490E-11  -1.92544661E-10   1.94745650E-10   1.12379587E-06  -1.17348069E-08  -1.45258294E-08   0.00000000       0.00000000    
   8.33449490E-11  -1.92544661E-10   1.94745650E-10  -4.73965447E-05   3.79530502E-05   2.19683297E-05  -6.09423536E-12   1.22487745E-05
  -1.51393555E-19  -3.64446104E-12  -1.69506728E-10   1.02371049       1.00030923       1.00066125      -6.09423536E-12   1.00000000    
 
  -9.19206141E-05   3.76426142E-05  -4.73965447E-05  -1.15197906E-02  -2.17985762E-05  -1.53113448E-03   0.00000000       0.00000000    
  -9.19206141E-05   3.76426142E-05  -4.73965447E-05  -48.7956810      -4.35239267      -6.80440140      -3.60363038E-06  -2.83027005    
   2.28978880E-09   1.31953315E-09   1.28749833E-09  0.999763906      0.999994993      0.999774992       1.00000000       1.00000000    
 
  -1.41027713E-05  -1.11378904E-05   3.79530502E-05  -5.11505306E-02  -3.09593015E-04   1.47262894E-04   0.00000000       0.00000000    
  -1.41027713E-05  -1.11378904E-05   3.79530502E-05  -4.35239267      -22.2621803      -9.63163948      -9.02361421E-07  -1.81665802    
   3.44616358E-09  -1.30333422E-09  -2.16593188E-10  0.988247693      0.999986112       1.00001526       1.00000000       1.00000000    
 
  -1.29983318E-05  -1.70178500E-05   2.19683297E-05   4.67143878E-02  -8.32163350E-05   5.78390609E-05   0.00000000       0.00000000    
  -1.29983318E-05  -1.70178500E-05   2.19683297E-05  -6.80440140      -9.63163948      -15.9342804      -1.78392600E-06  -1.09241247    
  -2.10396567E-09  -8.92929203E-11   1.24591315E-09   1.00686526      0.999991357       1.00000358       1.00000000       1.00000000    
 
  -1.56246995E-11   4.99505472E-12  -6.09423536E-12   4.35267282E-07   3.91647603E-09  -7.50888074E-10   0.00000000       0.00000000    
  -1.56246995E-11   4.99505472E-12  -6.09423536E-12  -3.60363038E-06  -9.02361421E-07  -1.78392600E-06  -4.25530027E-13  -3.03982858E-07
  -3.23647533E-20   5.08146744E-21  -9.59376676E-21   1.12078571       1.00434029      0.999579072      -4.25530027E-13   1.00000000    
 
  -3.26660415E-06  -2.69123348E-06   1.22487745E-05   4.79755318E-03   1.09598543E-02  -8.69864877E-03   0.00000000       0.00000000    
  -3.26660415E-06  -2.69123348E-06   1.22487745E-05  -2.83027005      -1.81665802      -1.09241247      -3.03982858E-07  -6.91151023E-02
   3.61711483E-09  -1.14372532E-10  -4.00190492E-10   1.00169504       1.00603294      0.992037237       1.00000000       1.00000000    
 
 PAGE           7
   0.00000000       0.00000000       0.00000000       0.00000000       0.00000000       0.00000000       0.00000000       0.00000000    
   0.00000000       0.00000000       0.00000000       0.00000000       0.00000000       0.00000000       0.00000000       0.00000000    
   0.00000000       0.00000000       0.00000000       0.00000000       0.00000000       0.00000000       0.00000000       0.00000000    
 
   0.00000000       0.00000000       0.00000000       0.00000000       0.00000000       0.00000000       0.00000000       0.00000000    
   0.00000000       0.00000000       0.00000000       0.00000000       0.00000000       0.00000000       0.00000000       0.00000000    
   0.00000000       0.00000000       0.00000000       0.00000000       0.00000000       0.00000000       0.00000000       0.00000000    
 
   0.00000000       0.00000000       0.00000000       0.00000000       0.00000000       0.00000000       0.00000000       0.00000000    
   0.00000000       0.00000000       0.00000000       0.00000000       0.00000000       0.00000000       0.00000000       0.00000000    
   0.00000000       0.00000000       0.00000000       0.00000000       0.00000000       0.00000000       0.00000000       0.00000000    
 
   0.00000000       0.00000000       0.00000000       0.00000000       0.00000000       0.00000000       0.00000000       0.00000000    
   0.00000000       0.00000000       0.00000000       0.00000000       0.00000000       0.00000000       0.00000000       0.00000000    
   0.00000000       0.00000000       0.00000000       0.00000000       0.00000000       0.00000000       0.00000000       0.00000000    
 
   0.00000000       0.00000000       0.00000000       0.00000000       0.00000000       0.00000000       0.00000000       0.00000000    
   0.00000000       0.00000000       0.00000000       0.00000000       0.00000000       0.00000000       0.00000000       0.00000000    
   0.00000000       0.00000000       0.00000000       0.00000000       0.00000000       0.00000000       0.00000000       0.00000000    
 
   0.00000000       0.00000000       0.00000000       0.00000000       0.00000000       0.00000000       0.00000000       0.00000000    
   0.00000000       0.00000000       0.00000000       0.00000000       0.00000000       0.00000000       0.00000000       0.00000000    
   0.00000000       0.00000000       0.00000000       0.00000000       0.00000000       0.00000000       0.00000000       0.00000000    
 
   0.00000000       0.00000000       0.00000000       0.00000000       0.00000000       0.00000000       0.00000000       0.00000000    
   0.00000000       0.00000000       0.00000000       0.00000000       0.00000000       0.00000000       0.00000000       0.00000000    
   0.00000000       0.00000000       0.00000000       0.00000000       0.00000000       0.00000000       0.00000000       0.00000000    
 
  -9.70458188E-28   3.18862089E-28  -1.18820181E-27  -1.44571010E-26   1.41724490E-29  -1.42085121E-29   0.00000000       0.00000000    
   0.00000000       0.00000000       0.00000000       0.00000000       0.00000000       0.00000000       0.00000000       0.00000000    
   9.70458188E-28  -3.18862089E-28   1.18820181E-27   1.44571010E-26  -1.41724490E-29   1.42085121E-29   0.00000000       0.00000000    
 
 PAGE           8
   0.00000000       0.00000000       0.00000000       0.00000000       0.00000000       0.00000000       0.00000000       0.00000000    
   0.00000000       0.00000000       0.00000000       0.00000000       0.00000000       0.00000000       0.00000000       0.00000000    
   0.00000000       0.00000000       0.00000000       0.00000000       0.00000000       0.00000000       0.00000000       0.00000000    
 
   0.00000000       0.00000000       0.00000000       0.00000000       0.00000000       0.00000000       0.00000000       0.00000000    
   0.00000000       0.00000000       0.00000000       0.00000000       0.00000000       0.00000000       0.00000000       0.00000000    
   0.00000000       0.00000000       0.00000000       0.00000000       0.00000000       0.00000000       0.00000000       0.00000000    
 
   0.00000000       0.00000000       0.00000000       0.00000000       0.00000000       0.00000000       0.00000000       0.00000000    
   0.00000000       0.00000000       0.00000000       0.00000000       0.00000000       0.00000000       0.00000000       0.00000000    
   0.00000000       0.00000000       0.00000000       0.00000000       0.00000000       0.00000000       0.00000000       0.00000000    
 
   0.00000000       0.00000000       0.00000000       0.00000000       0.00000000       0.00000000       0.00000000       0.00000000    
   0.00000000       0.00000000       0.00000000       0.00000000       0.00000000       0.00000000       0.00000000       0.00000000    
   0.00000000       0.00000000       0.00000000       0.00000000       0.00000000       0.00000000       0.00000000       0.00000000    
 
   0.00000000       0.00000000       0.00000000       0.00000000       0.00000000       0.00000000       0.00000000       0.00000000    
   0.00000000       0.00000000       0.00000000       0.00000000       0.00000000       0.00000000       0.00000000       0.00000000    
   0.00000000       0.00000000       0.00000000       0.00000000       0.00000000       0.00000000       0.00000000       0.00000000    
 
   0.00000000       0.00000000       0.00000000       0.00000000       0.00000000       0.00000000       0.00000000       0.00000000    
   0.00000000       0.00000000       0.00000000       0.00000000       0.00000000       0.00000000       0.00000000       0.00000000    
   0.00000000       0.00000000       0.00000000       0.00000000       0.00000000       0.00000000       0.00000000       0.00000000    
 
   0.00000000       0.00000000       0.00000000       0.00000000       0.00000000       0.00000000       0.00000000       0.00000000    
   0.00000000       0.00000000       0.00000000       0.00000000       0.00000000       0.00000000       0.00000000       0.00000000    
   0.00000000       0.00000000       0.00000000       0.00000000       0.00000000       0.00000000       0.00000000       0.00000000    
 
   0.00000000       0.00000000       0.00000000       0.00000000       0.00000000       0.00000000       0.00000000       0.00000000    
   0.00000000       0.00000000       0.00000000       0.00000000       0.00000000       0.00000000       0.00000000       0.00000000    
   0.00000000       0.00000000       0.00000000       0.00000000       0.00000000       0.00000000       0.00000000       0.00000000    
 
