 Integrating base case
 Done.
 Integrating finite diff first order with step    1000.00000000000000000000000000000000      
 Done
 Integrating finite diff second order with step    1000.00000000000000000000000000000000      
 Done
 FINAL TIME
   769845939.18506300     
 FINAL STATE
  -5950.3185718789746        21869.576312431967       -67348.487833324150       -7.1671836874398709E-002   1.2520238460673832E-002   1.0421264277531270E-002   769845939.18506300        1.0000000000000000     
 FD THEN ANALYTIC STM THEN NORMALIZED ERROR
 -0.252287596      0.751731098      -1.29080641       576647.188       554.156860       105.337532       0.00000000       0.00000000    
 -0.252287596      0.751731098      -1.29080641      -413930.406      -12645.9014      -51244.5664      -3.75846066E-02  -41349.6328    
  -1.20715049E-10   8.00352666E-12  -7.90890270E-11   2.39310169       1.04382110       1.00205553       1.00000000       1.00000000    
 
 -0.352534264      0.710713744      0.832822025       288.285248       576688.688       157.961273       0.00000000       0.00000000    
 -0.352534264      0.710713744      0.832822025      -127105.609      -231463.109      -182978.859       4.82682185E-03   7223.30127    
  -6.17342427E-11   2.76882141E-12  -2.40008541E-10   1.00226808       3.49149299       1.00086331       1.00000000       1.00000000    
 
 -0.233257547     -0.265287519       1.32767618       129.368454       363.619110       576622.312       0.00000000       0.00000000    
 -0.233257547     -0.265287519       1.32767618      -128672.078      -165277.625      -95795.1328      -1.22674098E-02   6012.33984    
   2.96918184E-11  -1.71419372E-11   7.19753424E-11   1.00100541       1.00220001       7.01932812       1.00000000       1.00000000    
 
   2.17764864E-06   5.37776259E-07   1.89569528E-06  0.999115586       1.31257286E-03   2.44875031E-04   0.00000000       0.00000000    
   2.17764864E-06   5.37776259E-07   1.89569528E-06  0.865115345     -0.255729198     -0.313879550       1.64463628E-07   2.27801409E-02
  -1.07657890E-10  -4.11346755E-11   2.04246442E-09 -0.154892877       1.00513268       1.00078011       1.00000000       1.00000000    
 
  -2.01441844E-06   3.99253577E-06  -3.76508819E-06   6.73649367E-04  0.999073923       3.71105794E-04   0.00000000       0.00000000    
  -2.01441844E-06   3.99253577E-06  -3.76508819E-06 -0.960236073      0.966711938      -5.66858239E-03  -3.00528029E-07 -0.430629283    
   2.05772933E-11  -1.25435651E-11   1.89392479E-09   1.00070155      -3.34763452E-02   1.06546712       1.00000000       1.00000000    
 
   1.82333952E-06  -5.42234147E-06   1.25047718E-05   2.99761479E-04   8.67301540E-04  0.999089062       0.00000000       0.00000000    
   1.82333952E-06  -5.42234147E-06   1.25047718E-05   9.52865754E-04  -1.77336061      -4.93011205E-03  -1.26829818E-08  0.666431248    
   2.82642746E-11  -7.96659353E-12   2.92143837E-10  0.685410619       1.00048912       203.650375       1.00000000       1.00000000    
 
   0.00000000       0.00000000       0.00000000      -5.94043702E-28  -1.30822557E-27  -2.75973050E-28   0.00000000       0.00000000    
   0.00000000       0.00000000       0.00000000       0.00000000       0.00000000       0.00000000       1.00000000       576930.000    
   0.00000000       0.00000000       0.00000000       5.94043702E-28   1.30822557E-27   2.75973050E-28   1.00000000       1.00000000    
 
   0.00000000       0.00000000       0.00000000       0.00000000       0.00000000       0.00000000       0.00000000       0.00000000    
   0.00000000       0.00000000       0.00000000       0.00000000       0.00000000       0.00000000       0.00000000       1.00000000    
   0.00000000       0.00000000       0.00000000       0.00000000       0.00000000       0.00000000       0.00000000       1.00000000    
 
 FD THEN ANALYTIC STT THEN NORMALIZED ERROR
 PAGE           1
   3.35596633E-05  -4.63618671E-05   7.90416670E-05  -4.42149440E-06   5.30889020E-06  -1.12881401E-06   0.00000000       0.00000000    
   3.35596633E-05  -4.63618671E-05   7.90416670E-05   6.60496283      -3.98339057      -1.63024068       1.77172558E-06   1.25635076    
  -1.11954321E-10  -1.19913333E-11   1.41063813E-10   1.00000072       1.00000131      0.999999285       1.00000000       1.00000000    
 
  -4.63618671E-05   1.16531810E-05  -1.11894879E-05  -1.60787977E-06  -2.81003190E-06  -2.23105275E-07   0.00000000       0.00000000    
  -4.63618671E-05   1.16531810E-05  -1.11894879E-05  -16.6658745      -1.44415271     -0.217901260      -4.36012579E-06  0.310259253    
  -3.99508031E-11  -8.17425988E-11   3.67158637E-09  0.999999881      0.999998033      0.999998987       1.00000000       1.00000000    
 
   7.90416670E-05  -1.11894879E-05   7.78364411E-05  -1.78953792E-06   7.73085412E-06  -3.67892403E-06   0.00000000       0.00000000    
   7.90416670E-05  -1.11894879E-05   7.78364411E-05   27.5634060      -1.85809457       1.06973982       2.17225534E-06   1.09368348    
  -3.29271263E-11  -4.99679742E-11   4.85569085E-10   1.00000012       1.00000417       1.00000346       1.00000000       1.00000000    
 
   6.60496283      -16.6658745       27.5634060     -0.163732886      0.597371161      -3.80522758E-02   0.00000000       0.00000000    
   6.60496283      -16.6658745       27.5634060       1793873.50      -1498232.62      -331825.906      0.735738277       499111.000    
  -1.81230753E-10  -6.12118212E-12   9.34760516E-12   1.00000012       1.00000036      0.999999881       1.00000000       1.00000000    
 
  -3.98339057      -1.44415271      -1.85809457     -0.423364192     -0.535932481      0.197533965       0.00000000       0.00000000    
  -3.98339057      -1.44415271      -1.85809457      -1498232.62       1271505.38       396219.031     -0.564000726      -147537.844    
  -4.49482881E-11   4.26696525E-11   1.83672655E-09  0.999999702       1.00000048      0.999999523       1.00000000       1.00000000    
 
  -1.63024068     -0.217901260       1.06973982     -0.188385859       1.04743600     -0.245589837       0.00000000       0.00000000    
  -1.63024068     -0.217901260       1.06973982      -331825.906       396219.031       1096184.50      -6.87575489E-02  -181086.531    
   1.70725253E-10   2.49930715E-10   5.30580357E-10  0.999999404      0.999997377       1.00000024       1.00000000       1.00000000    
 
   1.77172558E-06  -4.36012579E-06   2.17225534E-06  -2.18258920E-05   9.43231498E-05  -1.81415799E-05   0.00000000       0.00000000    
   1.77172558E-06  -4.36012579E-06   2.17225534E-06  0.735738277     -0.564000726      -6.87575489E-02   5.87305031E-08   9.48840007E-02
  -8.35487513E-11  -2.38628887E-12  -6.20396096E-12   1.00002968       1.00016725      0.999736130       1.00000000       1.00000000    
 
   1.25635076      0.310259253       1.09368348       576419.750       757.262695       141.275742       0.00000000       0.00000000    
   1.25635076      0.310259253       1.09368348       499111.000      -147537.844      -181086.531       9.48840007E-02   13142.5469    
  -8.59990829E-11   9.77288823E-12   2.04772044E-09 -0.154892877       1.00513268       1.00078011       1.00000000       1.00000000    
 
 PAGE           2
   2.27170358E-06  -6.34156322E-06   2.25653348E-05  -1.60181003E-06  -2.82731708E-06  -2.25282278E-07   0.00000000       0.00000000    
   2.27170358E-06  -6.34156322E-06   2.25653348E-05  -1.68556631      0.812140405       1.21780860      -3.35102050E-06  -1.16217840    
  -1.30084699E-09   2.15400510E-11  -1.49711388E-09  0.999999046       1.00000346       1.00000024       1.00000000       1.00000000    
 
  -6.34156322E-06  -3.29787908E-05   3.29872273E-05   3.27931630E-05  -3.04547552E-06   3.52469920E-06   0.00000000       0.00000000    
  -6.34156322E-06  -3.29787908E-05   3.29872273E-05   1.03125525      -12.1309414      -7.86748743       7.95602432E-07   2.30341363    
  -1.50455291E-11  -1.28955232E-11   2.00285322E-09  0.999968171      0.999999762       1.00000048       1.00000000       1.00000000    
 
   2.25653348E-05   3.29872273E-05  -4.15902141E-05  -5.94240591E-05  -1.51471670E-06  -1.98066209E-06   0.00000000       0.00000000    
   2.25653348E-05   3.29872273E-05  -4.15902141E-05 -0.132535040       23.2885323       10.5469866      -3.19801438E-06  -2.17219234    
  -2.74896616E-11  -2.42406824E-11   1.70869641E-09  0.999551654       1.00000012       1.00000024       1.00000000       1.00000000    
 
  -1.68556631       1.03125525     -0.132535040     -0.422998846     -0.537687957      0.197539032       0.00000000       0.00000000    
  -1.68556631       1.03125525     -0.132535040      -2077242.88       473804.594       106006.242     -0.567145586      -553989.000    
   4.20990104E-10  -6.32870215E-11   6.84088830E-09  0.999999821       1.00000119      0.999998152       1.00000000       1.00000000    
 
  0.812140405      -12.1309414       23.2885323      0.364109188     -0.291335762      0.128990427       0.00000000       0.00000000    
  0.812140405      -12.1309414       23.2885323       473804.594      -3087579.50      -1274903.88     -0.171734884       557725.125    
   1.74391977E-11  -9.11908309E-12   2.30393080E-10  0.999999225      0.999999881       1.00000012       1.00000000       1.00000000    
 
   1.21780860      -7.86748743       10.5469866      0.260928035     -0.371993244     -0.377269894       0.00000000       0.00000000    
   1.21780860      -7.86748743       10.5469866       106006.242      -1274903.88      -999106.062     -0.327632159      -3270.37524    
  -2.70255845E-10  -2.99701930E-12  -6.77873868E-11  0.999997556      0.999999702      0.999999642       1.00000000       1.00000000    
 
  -3.35102050E-06   7.95602432E-07  -3.19801438E-06  -1.28431260E-04   3.62788924E-05   4.21450059E-05   0.00000000       0.00000000    
  -3.35102050E-06   7.95602432E-07  -3.19801438E-06 -0.567145586     -0.171734884     -0.327632159      -2.12382204E-07 -0.173383638    
   2.49745762E-11  -4.02751920E-12   7.27179844E-11  0.999773562       1.00021124       1.00012863       1.00000000       1.00000000    
 
  -1.16217840       2.30341363      -2.17219234       388.648529       576395.688       214.102066       0.00000000       0.00000000    
  -1.16217840       2.30341363      -2.17219234      -553989.000       557725.125      -3270.37524     -0.173383638      -248442.953    
   1.68401491E-11  -1.54765541E-11   1.89625138E-09   1.00070155      -3.34763452E-02   1.06546712       1.00000000       1.00000000    
 
 PAGE           3
   4.66330721E-06  -1.98030230E-05   4.90663442E-05  -1.84415944E-06   7.73413649E-06  -3.68055271E-06   0.00000000       0.00000000    
   4.66330721E-06  -1.98030230E-05   4.90663442E-05 -0.388959080      -3.07301140      0.312377304      -1.22041763E-06   1.05193925    
   4.03971717E-10   8.45255810E-12   3.37888328E-10  0.999995232       1.00000250       1.00001180       1.00000000       1.00000000    
 
  -1.98030230E-05   1.55564539E-05  -5.45798175E-05  -5.92853139E-05  -1.50499534E-06  -1.98252815E-06   0.00000000       0.00000000    
  -1.98030230E-05   1.55564539E-05  -5.45798175E-05  -3.45590854       2.32926607      -5.45727921      -7.47247213E-07  -3.12831140    
  -3.71619506E-11  -4.57327301E-11   7.44733497E-10  0.999982834       1.00000060      0.999999642       1.00000000       1.00000000    
 
   4.90663442E-05  -5.45798175E-05   1.27363019E-04  -2.84284415E-05  -2.25349777E-06  -2.39738779E-06   0.00000000       0.00000000    
   4.90663442E-05  -5.45798175E-05   1.27363019E-04   10.7184114      -7.32737970       5.16956043       8.07020740E-07   7.21437788    
  -1.28888020E-11   2.53026311E-12   2.49263471E-10   1.00000262      0.999999702       1.00000048       1.00000000       1.00000000    
 
 -0.388959080      -3.45590854       10.7184114     -0.188247979       1.04747772     -0.245713487       0.00000000       0.00000000    
 -0.388959080      -3.45590854       10.7184114      -742046.250      -919244.312      -335874.469     -0.111712381       549.736877    
  -8.38226044E-10   8.97306361E-12   7.83903775E-11  0.999999762       1.00000119      0.999999285       1.00000000       1.00000000    
 
  -3.07301140       2.32926607      -7.32737970      0.260983855     -0.370853633     -0.377447426       0.00000000       0.00000000    
  -3.07301140       2.32926607      -7.32737970      -919244.312       716351.062      -353736.031     -0.578457713      -1023104.94    
   8.99150719E-12  -1.99517122E-11   5.18926457E-10   1.00000024       1.00000048      0.999998927       1.00000000       1.00000000    
 
  0.312377304      -5.45727921       5.16956043     -0.200167403     -0.305079728      -9.08110961E-02   0.00000000       0.00000000    
  0.312377304      -5.45727921       5.16956043      -335874.469      -353736.031      -883430.250     -0.373466611      -2844.32959    
   6.20066887E-10  -1.36834576E-12  -1.19622853E-10  0.999999404      0.999999166      0.999999881       1.00000000       1.00000000    
 
  -1.22041763E-06  -7.47247213E-07   8.07020740E-07   7.89099249E-06   2.25442447E-04   6.43218073E-06   0.00000000       0.00000000    
  -1.22041763E-06  -7.47247213E-07   8.07020740E-07 -0.111712381     -0.578457713     -0.373466611      -7.52293445E-08  -7.31719285E-03
  -7.29913283E-11   2.85493348E-11   2.27397698E-10   1.00007069       1.00038970       1.00001717       1.00000000       1.00000000    
 
   1.05193925      -3.12831140       7.21437788       172.941391       500.372284       576404.438       0.00000000       0.00000000    
   1.05193925      -3.12831140       7.21437788       549.736877      -1023104.94      -2844.32959      -7.31719285E-03   384484.188    
  -3.02816648E-12   2.18479835E-12   2.92345564E-10  0.685410619       1.00048912       203.650375       1.00000000       1.00000000    
 
 PAGE           4
  -1.04109343E-11  -2.01371801E-11   6.51104656E-11  -7.97450214E-12   1.11760210E-11  -2.23637038E-12   0.00000000       0.00000000    
  -1.04109343E-11  -2.01371801E-11   6.51104656E-11   1.80060141E-07  -5.80789538E-06   9.99317763E-07  -5.60583210E-13   1.54975703E-06
   5.50211398E-20  -4.11980212E-21   4.11873234E-19   1.00004435       1.00000191       1.00000226      -5.60583210E-13   1.00000000    
 
  -2.01371801E-11   6.53982979E-11  -1.93666388E-10  -4.97559676E-12  -7.87475293E-12   4.19530919E-13   0.00000000       0.00000000    
  -2.01371801E-11   6.53982979E-11  -1.93666388E-10  -2.82043329E-05   7.64220113E-06  -5.16451109E-06  -3.86852226E-12  -8.09750782E-06
  -2.58415860E-20  -3.52255752E-21   8.28447977E-09  0.999999821       1.00000107       1.00000012      -3.86852226E-12   1.00000000    
 
   6.51104656E-11  -1.93666388E-10   4.43831305E-10  -3.98831706E-12   1.77095665E-11  -7.56987268E-12   0.00000000       0.00000000    
   6.51104656E-11  -1.93666388E-10   4.43831305E-10   5.65313130E-05  -2.40314403E-05   5.24496215E-07   7.93389052E-12   1.90116516E-05
   4.01945090E-20   3.62930935E-11   3.52652618E-09   1.00000012       1.00000072       1.00001442       7.93389052E-12   1.00000000    
 
   1.80060127E-07  -2.82043329E-05   5.65313130E-05  -1.77238448E-07   1.13891485E-06  -1.61557494E-07   0.00000000       0.00000000    
   1.80060141E-07  -2.82043329E-05   5.65313130E-05  -3.03224921      -7.30556774      -2.52500582       2.72765533E-06   3.86657119    
   8.82944349E-08  -9.41833850E-12  -7.13338694E-11  0.999999940       1.00000012      0.999999940       1.00000000       1.00000000    
 
  -5.80789538E-06   7.64220113E-06  -2.40314403E-05  -1.26007274E-06  -1.73451599E-06   4.64572224E-07   0.00000000       0.00000000    
  -5.80789538E-06   7.64220113E-06  -2.40314403E-05  -7.30556774       2.32018876     -0.478363633       3.97416756E-07 -0.656802297    
   3.64491964E-10   3.00138074E-11   5.99266015E-09  0.999999821       1.00000072       1.00000095       1.00000000       1.00000000    
 
   9.99317763E-07  -5.16451109E-06   5.24496159E-07  -5.54998110E-07   2.49009213E-06  -6.89378453E-07   0.00000000       0.00000000    
   9.99317763E-07  -5.16451109E-06   5.24496215E-07  -2.52500582     -0.478363633      -2.01909304       4.13388278E-07   3.41712348E-02
   3.16843707E-09   2.40902298E-11   4.15885566E-08  0.999999762       1.00000525      0.999999642       1.00000000       1.00000000    
 
  -5.60583210E-13  -3.86852226E-12   7.93389052E-12  -6.37812719E-12   2.27537267E-10  -4.31974491E-11   0.00000000       0.00000000    
  -5.60583210E-13  -3.86852226E-12   7.93389052E-12   2.72765533E-06   3.97416756E-07   4.13388278E-07   1.20345628E-12   9.13265239E-07
   2.28261702E-21   6.90673786E-23  -7.45715389E-22   1.00000238      0.999427438       1.00010455       1.20345628E-12   1.00000000    
 
   1.54975703E-06  -8.09750782E-06   1.90116516E-05  -3.30280745E-04   3.04153964E-05   1.06808247E-05   0.00000000       0.00000000    
   1.54975703E-06  -8.09750782E-06   1.90116516E-05   3.86657119     -0.656802297       3.41712348E-02   9.13265239E-07  0.784286737    
   1.12105791E-09   2.57943146E-12   4.80559814E-09   1.00008547       1.00004625      0.999687433       1.00000000       1.00000000    
 
 PAGE           5
   1.55900293E-10  -1.09408649E-10   1.31196137E-10  -4.95613446E-12  -7.92618488E-12   4.14825563E-13   0.00000000       0.00000000    
   1.55900293E-10  -1.09408649E-10   1.31196137E-10   4.22259363E-05   3.16581827E-06   5.56033729E-06   5.78912049E-12   1.26203429E-06
   5.21760100E-11  -1.16396719E-11  -9.51688328E-09   1.00000012       1.00000250      0.999999940       5.78912049E-12   1.00000000    
 
  -1.09408649E-10   9.64952770E-11   8.67251965E-11   5.81008922E-11  -5.54574485E-12   6.52220205E-12   0.00000000       0.00000000    
  -1.09408649E-10   9.64952770E-11   8.67252034E-11  -3.57231984E-05  -2.47665903E-05  -1.70497988E-05  -3.90306450E-12  -7.31513353E-07
   8.40528059E-13   3.77963136E-21   2.40483262E-18   1.00000167      0.999999762       1.00000036      -3.90306450E-12   1.00000000    
 
   1.31196137E-10   8.67252034E-11  -2.84615831E-10  -1.01929042E-10  -4.72417851E-12  -5.30302842E-12   0.00000000       0.00000000    
   1.31196137E-10   8.67252034E-11  -2.84615831E-10   5.12567276E-05   5.98056031E-05   4.07943298E-05   7.63048392E-12  -6.71464977E-06
   1.90934872E-11  -7.74146945E-21   1.00480975E-08   1.00000203       1.00000012       1.00000012       7.63048392E-12   1.00000000    
 
   4.22259363E-05  -3.57231984E-05   5.12567276E-05  -1.25876613E-06  -1.74017555E-06   4.64591068E-07   0.00000000       0.00000000    
   4.22259363E-05  -3.57231984E-05   5.12567276E-05   18.0277348       2.00355148       1.81883979       2.42286160E-06  0.187999740    
   5.85295354E-11  -3.04222064E-11  -5.98666783E-10   1.00000012       1.00000083      0.999999762       1.00000000       1.00000000    
 
   3.16581827E-06  -2.47665903E-05   5.98056031E-05   7.43358555E-07  -1.50902025E-07   2.38938014E-07   0.00000000       0.00000000    
   3.16581827E-06  -2.47665903E-05   5.98056031E-05   2.00355148     -0.299173892     -0.644383490      -2.07257449E-06   1.02477455    
   1.17716545E-10  -4.13046403E-11   3.62592267E-09  0.999999642      0.999999523       1.00000036       1.00000000       1.00000000    
 
   5.56033729E-06  -1.70497988E-05   4.07943298E-05   6.29167289E-07  -1.20847778E-06  -1.07924927E-06   0.00000000       0.00000000    
   5.56033729E-06  -1.70497988E-05   4.07943298E-05   1.81883979     -0.644383490       5.00367594      -1.46024615E-06  0.691024840    
   8.11223380E-11   1.29265496E-11  -7.25032590E-10  0.999999642      0.999998152       1.00000024       1.00000000       1.00000000    
 
   5.78912049E-12  -3.90306450E-12   7.63048392E-12  -3.06170866E-10   3.60398885E-12   9.91690133E-11   0.00000000       0.00000000    
   5.78912049E-12  -3.90306450E-12   7.63048392E-12   2.42286160E-06  -2.07257449E-06  -1.46024615E-06   7.41130681E-13  -1.79058887E-07
   3.84787392E-22   1.63544699E-22  -8.49331766E-21   1.00012636       1.00000179       1.00006795       7.41130681E-13   1.00000000    
 
   1.26203429E-06  -7.31513353E-07  -6.71464932E-06   2.52404316E-05  -3.84830695E-04   1.97702302E-05   0.00000000       0.00000000    
   1.26203429E-06  -7.31513353E-07  -6.71464977E-06  0.187999740       1.02477455      0.691024840      -1.79058887E-07 -0.165963307    
   2.70981598E-10   5.82375481E-10   2.34505055E-08  0.999865770       1.00037551      0.999971390       1.00000000       1.00000000    
 
 PAGE           6
  -2.47160015E-10   5.28285879E-12   8.33449490E-11  -4.15594642E-12   1.77177908E-11  -7.57629636E-12   0.00000000       0.00000000    
  -2.47160015E-10   5.28285879E-12   8.33449490E-11  -9.19206141E-05  -1.41027713E-05  -1.29983318E-05  -1.56246995E-11  -3.26660415E-06
   6.56095881E-12  -7.44154540E-21   6.92244500E-19  0.999999940       1.00000131      0.999999404      -1.56246995E-11   1.00000000    
 
   5.28285879E-12  -8.25971305E-11  -1.92544661E-10  -1.01606008E-10  -4.69573729E-12  -5.30990876E-12   0.00000000       0.00000000    
   5.28285879E-12  -8.25971305E-11  -1.92544661E-10   3.76426142E-05  -1.11378904E-05  -1.70178500E-05   4.99505472E-12  -2.69123348E-06
  -4.20113482E-21  -7.26228793E-21   8.42638226E-09   1.00000274      0.999999583      0.999999702       4.99505472E-12   1.00000000    
 
   8.33449490E-11  -1.92544661E-10   1.94745650E-10  -5.02618780E-11  -5.60924310E-12  -4.29025869E-12   0.00000000       0.00000000    
   8.33449490E-11  -1.92544661E-10   1.94745650E-10  -4.73965447E-05   3.79530502E-05   2.19683297E-05  -6.09423536E-12   1.22487745E-05
   8.57272236E-22   4.77527184E-11   7.25998550E-09  0.999998927       1.00000012       1.00000024      -6.09423536E-12   1.00000000    
 
  -9.19206141E-05   3.76426142E-05  -4.73965447E-05  -5.54492260E-07   2.49022514E-06  -6.89856790E-07   0.00000000       0.00000000    
  -9.19206141E-05   3.76426142E-05  -4.73965447E-05  -48.7956810      -4.35239267      -6.80440140      -3.60363038E-06  -2.83027005    
   1.72142856E-11  -3.42704094E-11  -9.24009369E-10   1.00000000       1.00000060      0.999999881       1.00000000       1.00000000    
 
  -1.41027713E-05  -1.11378904E-05   3.79530502E-05   6.29294561E-07  -1.20480468E-06  -1.07993628E-06   0.00000000       0.00000000    
  -1.41027713E-05  -1.11378904E-05   3.79530502E-05  -4.35239267      -22.2621803      -9.63163948      -9.02361421E-07  -1.81665802    
   1.76602066E-11   3.04303006E-11  -4.19821822E-09   1.00000012      0.999999940      0.999999881       1.00000000       1.00000000    
 
  -1.29983318E-05  -1.70178500E-05   2.19683297E-05  -5.65497771E-07  -9.85526640E-07  -7.69788855E-08   0.00000000       0.00000000    
  -1.29983318E-05  -1.70178500E-05   2.19683297E-05  -6.80440140      -9.63163948      -15.9342804      -1.78392600E-06  -1.09241247    
  -4.96631902E-11   5.68237644E-12  -6.02264461E-10  0.999999940      0.999999881       1.00000000       1.00000000       1.00000000    
 
  -1.56246995E-11   4.99505472E-12  -6.09423536E-12  -2.24379820E-11   5.41440837E-10   9.09066745E-12   0.00000000       0.00000000    
  -1.56246995E-11   4.99505472E-12  -6.09423536E-12  -3.60363038E-06  -9.02361421E-07  -1.78392600E-06  -4.25530027E-13  -3.03982858E-07
  -8.55501956E-22  -6.57151939E-24   7.18293190E-21  0.999993801       1.00059998       1.00000513      -4.25530027E-13   1.00000000    
 
  -3.26660415E-06  -2.69123348E-06   1.22487745E-05   1.09599669E-05   2.44889798E-05  -3.23612738E-04   0.00000000       0.00000000    
  -3.26660415E-06  -2.69123348E-06   1.22487745E-05  -2.83027005      -1.81665802      -1.09241247      -3.03982858E-07  -6.91151023E-02
   8.11429882E-11   1.83803996E-11   7.18616633E-09   1.00000381       1.00001347      0.999703765       1.00000000       1.00000000    
 
 PAGE           7
   0.00000000       0.00000000       0.00000000       0.00000000       0.00000000       0.00000000       0.00000000       0.00000000    
   0.00000000       0.00000000       0.00000000       0.00000000       0.00000000       0.00000000       0.00000000       0.00000000    
   0.00000000       0.00000000       0.00000000       0.00000000       0.00000000       0.00000000       0.00000000       0.00000000    
 
   0.00000000       0.00000000       0.00000000       0.00000000       0.00000000       0.00000000       0.00000000       0.00000000    
   0.00000000       0.00000000       0.00000000       0.00000000       0.00000000       0.00000000       0.00000000       0.00000000    
   0.00000000       0.00000000       0.00000000       0.00000000       0.00000000       0.00000000       0.00000000       0.00000000    
 
   0.00000000       0.00000000       0.00000000       0.00000000       0.00000000       0.00000000       0.00000000       0.00000000    
   0.00000000       0.00000000       0.00000000       0.00000000       0.00000000       0.00000000       0.00000000       0.00000000    
   0.00000000       0.00000000       0.00000000       0.00000000       0.00000000       0.00000000       0.00000000       0.00000000    
 
   0.00000000       0.00000000       0.00000000       0.00000000       0.00000000       0.00000000       0.00000000       0.00000000    
   0.00000000       0.00000000       0.00000000       0.00000000       0.00000000       0.00000000       0.00000000       0.00000000    
   0.00000000       0.00000000       0.00000000       0.00000000       0.00000000       0.00000000       0.00000000       0.00000000    
 
   0.00000000       0.00000000       0.00000000       0.00000000       0.00000000       0.00000000       0.00000000       0.00000000    
   0.00000000       0.00000000       0.00000000       0.00000000       0.00000000       0.00000000       0.00000000       0.00000000    
   0.00000000       0.00000000       0.00000000       0.00000000       0.00000000       0.00000000       0.00000000       0.00000000    
 
   0.00000000       0.00000000       0.00000000       0.00000000       0.00000000       0.00000000       0.00000000       0.00000000    
   0.00000000       0.00000000       0.00000000       0.00000000       0.00000000       0.00000000       0.00000000       0.00000000    
   0.00000000       0.00000000       0.00000000       0.00000000       0.00000000       0.00000000       0.00000000       0.00000000    
 
   0.00000000       0.00000000       0.00000000       0.00000000       0.00000000       0.00000000       0.00000000       0.00000000    
   0.00000000       0.00000000       0.00000000       0.00000000       0.00000000       0.00000000       0.00000000       0.00000000    
   0.00000000       0.00000000       0.00000000       0.00000000       0.00000000       0.00000000       0.00000000       0.00000000    
 
  -3.20905594E-30   1.32228115E-31  -2.14269656E-30   2.26350489E-31   1.25015670E-31   4.00290562E-32   0.00000000       0.00000000    
   0.00000000       0.00000000       0.00000000       0.00000000       0.00000000       0.00000000       0.00000000       0.00000000    
   3.20905594E-30  -1.32228115E-31   2.14269656E-30  -2.26350489E-31  -1.25015670E-31  -4.00290562E-32   0.00000000       0.00000000    
 
 PAGE           8
   0.00000000       0.00000000       0.00000000       0.00000000       0.00000000       0.00000000       0.00000000       0.00000000    
   0.00000000       0.00000000       0.00000000       0.00000000       0.00000000       0.00000000       0.00000000       0.00000000    
   0.00000000       0.00000000       0.00000000       0.00000000       0.00000000       0.00000000       0.00000000       0.00000000    
 
   0.00000000       0.00000000       0.00000000       0.00000000       0.00000000       0.00000000       0.00000000       0.00000000    
   0.00000000       0.00000000       0.00000000       0.00000000       0.00000000       0.00000000       0.00000000       0.00000000    
   0.00000000       0.00000000       0.00000000       0.00000000       0.00000000       0.00000000       0.00000000       0.00000000    
 
   0.00000000       0.00000000       0.00000000       0.00000000       0.00000000       0.00000000       0.00000000       0.00000000    
   0.00000000       0.00000000       0.00000000       0.00000000       0.00000000       0.00000000       0.00000000       0.00000000    
   0.00000000       0.00000000       0.00000000       0.00000000       0.00000000       0.00000000       0.00000000       0.00000000    
 
   0.00000000       0.00000000       0.00000000       0.00000000       0.00000000       0.00000000       0.00000000       0.00000000    
   0.00000000       0.00000000       0.00000000       0.00000000       0.00000000       0.00000000       0.00000000       0.00000000    
   0.00000000       0.00000000       0.00000000       0.00000000       0.00000000       0.00000000       0.00000000       0.00000000    
 
   0.00000000       0.00000000       0.00000000       0.00000000       0.00000000       0.00000000       0.00000000       0.00000000    
   0.00000000       0.00000000       0.00000000       0.00000000       0.00000000       0.00000000       0.00000000       0.00000000    
   0.00000000       0.00000000       0.00000000       0.00000000       0.00000000       0.00000000       0.00000000       0.00000000    
 
   0.00000000       0.00000000       0.00000000       0.00000000       0.00000000       0.00000000       0.00000000       0.00000000    
   0.00000000       0.00000000       0.00000000       0.00000000       0.00000000       0.00000000       0.00000000       0.00000000    
   0.00000000       0.00000000       0.00000000       0.00000000       0.00000000       0.00000000       0.00000000       0.00000000    
 
   0.00000000       0.00000000       0.00000000       0.00000000       0.00000000       0.00000000       0.00000000       0.00000000    
   0.00000000       0.00000000       0.00000000       0.00000000       0.00000000       0.00000000       0.00000000       0.00000000    
   0.00000000       0.00000000       0.00000000       0.00000000       0.00000000       0.00000000       0.00000000       0.00000000    
 
   0.00000000       0.00000000       0.00000000       0.00000000       0.00000000       0.00000000       0.00000000       0.00000000    
   0.00000000       0.00000000       0.00000000       0.00000000       0.00000000       0.00000000       0.00000000       0.00000000    
   0.00000000       0.00000000       0.00000000       0.00000000       0.00000000       0.00000000       0.00000000       0.00000000    
 
