 Generating QIST model for reference trajectory       -60000
 Using ephemeris data from /home/david/wrk/nstgro/qist/libqist/fort/data/20240524_gw_resample.subspice
 Relative to body          301
 With perturbations from bodies          399          10           5
 From J2000 +    769259009.185200099999999999999999987      
 To J2000 +    769845939.185062999999999999999999959      
 
 WARNING: pines working memory not allocated, exiting (deallocatepines)
 FD THEN ANALYTIC JACOBIAN THEN NORMALIZED ERROR
   0.00000000       0.00000000       0.00000000       576930.000       0.00000000       0.00000000       0.00000000       5.00297407E-03
   0.00000000       0.00000000       0.00000000       576930.000       0.00000000       0.00000000       0.00000000       5.00297407E-03
   0.00000000       0.00000000       0.00000000      -5.25059531E-34   0.00000000       0.00000000       0.00000000       1.71426176E-32
 
   0.00000000       0.00000000       0.00000000       0.00000000       576930.000       0.00000000       0.00000000       6.41462952E-02
   0.00000000       0.00000000       0.00000000       0.00000000       576930.000       0.00000000       0.00000000       6.41462952E-02
   0.00000000       0.00000000       0.00000000       0.00000000      -1.06762100E-32   0.00000000       0.00000000       3.48278687E-31
 
   0.00000000       0.00000000       0.00000000       0.00000000       0.00000000       576930.000       0.00000000       3.44225764E-02
   0.00000000       0.00000000       0.00000000       0.00000000       0.00000000       576930.000       0.00000000       3.44225764E-02
   0.00000000       0.00000000       0.00000000       0.00000000       0.00000000       2.10023812E-33   0.00000000      -2.14007281E-31
 
  -7.62933098E-07  -3.62392802E-06   5.14482781E-06   0.00000000       0.00000000       0.00000000      -4.89745560E-08  -3.53226390E-08
  -7.62933098E-07  -3.62392802E-06   5.14482781E-06   0.00000000       0.00000000       0.00000000      -4.89745560E-08  -3.53226390E-08
  -4.93463159E-10   1.34031841E-10  -5.49196695E-11   0.00000000       0.00000000       0.00000000      -5.62969171E-10   4.55698309E-30
 
  -3.62392802E-06  -5.29553063E-06  -9.37143159E-06   0.00000000       0.00000000       0.00000000      -4.03019357E-07  -6.10014581E-07
  -3.62392802E-06  -5.29553063E-06  -9.37143159E-06   0.00000000       0.00000000       0.00000000      -4.03019357E-07  -6.10014581E-07
   2.54714565E-11  -9.93656338E-11   2.07552239E-11   0.00000000       0.00000000       0.00000000      -3.27986249E-11   3.24276950E-31
 
   5.14482781E-06  -9.37143159E-06   6.05846390E-06   0.00000000       0.00000000       0.00000000      -2.12130146E-07   1.15032935E-06
   5.14482781E-06  -9.37143159E-06   6.05846390E-06   0.00000000       0.00000000       0.00000000      -2.12130146E-07   1.15032935E-06
   9.96772664E-11   2.26563646E-11   6.81419851E-11   0.00000000       0.00000000       0.00000000       1.55742280E-10  -3.86077648E-31
 
   0.00000000       0.00000000       0.00000000       0.00000000       0.00000000       0.00000000       0.00000000       1.00000000    
   0.00000000       0.00000000       0.00000000       0.00000000       0.00000000       0.00000000       0.00000000       1.00000000    
   0.00000000       0.00000000       0.00000000       0.00000000       0.00000000       0.00000000       0.00000000       0.00000000    
 
   0.00000000       0.00000000       0.00000000       0.00000000       0.00000000       0.00000000       0.00000000       0.00000000    
   0.00000000       0.00000000       0.00000000       0.00000000       0.00000000       0.00000000       0.00000000       0.00000000    
   0.00000000       0.00000000       0.00000000       0.00000000       0.00000000       0.00000000       0.00000000       0.00000000    
 
 FD THEN ANALYTIC HESSIAN THEN NORMALIZED ERROR
 PAGE           1
   0.00000000       0.00000000       0.00000000       0.00000000       0.00000000       0.00000000       0.00000000       0.00000000    
   0.00000000       0.00000000       0.00000000       0.00000000       0.00000000       0.00000000       0.00000000       0.00000000    
   0.00000000       0.00000000       0.00000000       0.00000000       0.00000000       0.00000000       0.00000000       0.00000000    
 
   0.00000000       0.00000000       0.00000000       0.00000000       0.00000000       0.00000000       0.00000000       0.00000000    
   0.00000000       0.00000000       0.00000000       0.00000000       0.00000000       0.00000000       0.00000000       0.00000000    
   0.00000000       0.00000000       0.00000000       0.00000000       0.00000000       0.00000000       0.00000000       0.00000000    
 
   0.00000000       0.00000000       0.00000000       0.00000000       0.00000000       0.00000000       0.00000000       0.00000000    
   0.00000000       0.00000000       0.00000000       0.00000000       0.00000000       0.00000000       0.00000000       0.00000000    
   0.00000000       0.00000000       0.00000000       0.00000000       0.00000000       0.00000000       0.00000000       0.00000000    
 
   0.00000000       0.00000000       0.00000000       0.00000000       0.00000000       0.00000000       0.00000000       1.00000000    
   0.00000000       0.00000000       0.00000000       0.00000000       0.00000000       0.00000000       0.00000000       1.00000000    
   0.00000000       0.00000000       0.00000000       0.00000000       0.00000000       0.00000000       0.00000000       0.00000000    
 
   0.00000000       0.00000000       0.00000000       0.00000000       0.00000000       0.00000000       0.00000000       0.00000000    
   0.00000000       0.00000000       0.00000000       0.00000000       0.00000000       0.00000000       0.00000000       0.00000000    
   0.00000000       0.00000000       0.00000000       0.00000000       0.00000000       0.00000000       0.00000000       0.00000000    
 
   0.00000000       0.00000000       0.00000000       0.00000000       0.00000000       0.00000000       0.00000000       0.00000000    
   0.00000000       0.00000000       0.00000000       0.00000000       0.00000000       0.00000000       0.00000000       0.00000000    
   0.00000000       0.00000000       0.00000000       0.00000000       0.00000000       0.00000000       0.00000000       0.00000000    
 
   0.00000000       0.00000000       0.00000000       0.00000000       0.00000000       0.00000000       0.00000000       0.00000000    
   0.00000000       0.00000000       0.00000000       0.00000000       0.00000000       0.00000000       0.00000000       0.00000000    
   0.00000000       0.00000000       0.00000000       0.00000000       0.00000000       0.00000000       0.00000000       0.00000000    
 
   0.00000000       0.00000000       0.00000000       1.00000000       0.00000000       0.00000000       0.00000000       0.00000000    
   0.00000000       0.00000000       0.00000000       1.00000000       0.00000000       0.00000000       0.00000000       0.00000000    
   0.00000000       0.00000000       0.00000000      -3.85185989E-34   0.00000000       0.00000000       0.00000000       0.00000000    
 
 PAGE           2
   0.00000000       0.00000000       0.00000000       0.00000000       0.00000000       0.00000000       0.00000000       0.00000000    
   0.00000000       0.00000000       0.00000000       0.00000000       0.00000000       0.00000000       0.00000000       0.00000000    
   0.00000000       0.00000000       0.00000000       0.00000000       0.00000000       0.00000000       0.00000000       0.00000000    
 
   0.00000000       0.00000000       0.00000000       0.00000000       0.00000000       0.00000000       0.00000000       0.00000000    
   0.00000000       0.00000000       0.00000000       0.00000000       0.00000000       0.00000000       0.00000000       0.00000000    
   0.00000000       0.00000000       0.00000000       0.00000000       0.00000000       0.00000000       0.00000000       0.00000000    
 
   0.00000000       0.00000000       0.00000000       0.00000000       0.00000000       0.00000000       0.00000000       0.00000000    
   0.00000000       0.00000000       0.00000000       0.00000000       0.00000000       0.00000000       0.00000000       0.00000000    
   0.00000000       0.00000000       0.00000000       0.00000000       0.00000000       0.00000000       0.00000000       0.00000000    
 
   0.00000000       0.00000000       0.00000000       0.00000000       0.00000000       0.00000000       0.00000000       0.00000000    
   0.00000000       0.00000000       0.00000000       0.00000000       0.00000000       0.00000000       0.00000000       0.00000000    
   0.00000000       0.00000000       0.00000000       0.00000000       0.00000000       0.00000000       0.00000000       0.00000000    
 
   0.00000000       0.00000000       0.00000000       0.00000000       0.00000000       0.00000000       0.00000000       1.00000000    
   0.00000000       0.00000000       0.00000000       0.00000000       0.00000000       0.00000000       0.00000000       1.00000000    
   0.00000000       0.00000000       0.00000000       0.00000000       0.00000000       0.00000000       0.00000000       0.00000000    
 
   0.00000000       0.00000000       0.00000000       0.00000000       0.00000000       0.00000000       0.00000000       0.00000000    
   0.00000000       0.00000000       0.00000000       0.00000000       0.00000000       0.00000000       0.00000000       0.00000000    
   0.00000000       0.00000000       0.00000000       0.00000000       0.00000000       0.00000000       0.00000000       0.00000000    
 
   0.00000000       0.00000000       0.00000000       0.00000000       0.00000000       0.00000000       0.00000000       0.00000000    
   0.00000000       0.00000000       0.00000000       0.00000000       0.00000000       0.00000000       0.00000000       0.00000000    
   0.00000000       0.00000000       0.00000000       0.00000000       0.00000000       0.00000000       0.00000000       0.00000000    
 
   0.00000000       0.00000000       0.00000000       0.00000000       1.00000000       0.00000000       0.00000000       0.00000000    
   0.00000000       0.00000000       0.00000000       0.00000000       1.00000000       0.00000000       0.00000000       0.00000000    
   0.00000000       0.00000000       0.00000000       0.00000000      -6.35556882E-33   0.00000000       0.00000000       0.00000000    
 
 PAGE           3
   0.00000000       0.00000000       0.00000000       0.00000000       0.00000000       0.00000000       0.00000000       0.00000000    
   0.00000000       0.00000000       0.00000000       0.00000000       0.00000000       0.00000000       0.00000000       0.00000000    
   0.00000000       0.00000000       0.00000000       0.00000000       0.00000000       0.00000000       0.00000000       0.00000000    
 
   0.00000000       0.00000000       0.00000000       0.00000000       0.00000000       0.00000000       0.00000000       0.00000000    
   0.00000000       0.00000000       0.00000000       0.00000000       0.00000000       0.00000000       0.00000000       0.00000000    
   0.00000000       0.00000000       0.00000000       0.00000000       0.00000000       0.00000000       0.00000000       0.00000000    
 
   0.00000000       0.00000000       0.00000000       0.00000000       0.00000000       0.00000000       0.00000000       0.00000000    
   0.00000000       0.00000000       0.00000000       0.00000000       0.00000000       0.00000000       0.00000000       0.00000000    
   0.00000000       0.00000000       0.00000000       0.00000000       0.00000000       0.00000000       0.00000000       0.00000000    
 
   0.00000000       0.00000000       0.00000000       0.00000000       0.00000000       0.00000000       0.00000000       0.00000000    
   0.00000000       0.00000000       0.00000000       0.00000000       0.00000000       0.00000000       0.00000000       0.00000000    
   0.00000000       0.00000000       0.00000000       0.00000000       0.00000000       0.00000000       0.00000000       0.00000000    
 
   0.00000000       0.00000000       0.00000000       0.00000000       0.00000000       0.00000000       0.00000000       0.00000000    
   0.00000000       0.00000000       0.00000000       0.00000000       0.00000000       0.00000000       0.00000000       0.00000000    
   0.00000000       0.00000000       0.00000000       0.00000000       0.00000000       0.00000000       0.00000000       0.00000000    
 
   0.00000000       0.00000000       0.00000000       0.00000000       0.00000000       0.00000000       0.00000000       1.00000000    
   0.00000000       0.00000000       0.00000000       0.00000000       0.00000000       0.00000000       0.00000000       1.00000000    
   0.00000000       0.00000000       0.00000000       0.00000000       0.00000000       0.00000000       0.00000000       0.00000000    
 
   0.00000000       0.00000000       0.00000000       0.00000000       0.00000000       0.00000000       0.00000000       0.00000000    
   0.00000000       0.00000000       0.00000000       0.00000000       0.00000000       0.00000000       0.00000000       0.00000000    
   0.00000000       0.00000000       0.00000000       0.00000000       0.00000000       0.00000000       0.00000000       0.00000000    
 
   0.00000000       0.00000000       0.00000000       0.00000000       0.00000000       1.00000000       0.00000000       0.00000000    
   0.00000000       0.00000000       0.00000000       0.00000000       0.00000000       1.00000000       0.00000000       0.00000000    
   0.00000000       0.00000000       0.00000000       0.00000000       0.00000000       3.85185989E-34   0.00000000       0.00000000    
 
 PAGE           4
  -1.57061045E-10   1.02907127E-10  -1.97848113E-10   0.00000000       0.00000000       0.00000000       3.37173085E-12  -1.32240150E-12
  -1.57061045E-10   1.02907127E-10  -1.97848113E-10   0.00000000       0.00000000       0.00000000       3.37173085E-12  -1.32240150E-12
   7.46612355E-11   1.91455601E-10  -6.20652418E-11   0.00000000       0.00000000       0.00000000      -8.42766283E-22  -3.42897734E-42
 
   1.02907127E-10  -9.95811333E-12  -1.45176093E-10   0.00000000       0.00000000       0.00000000       1.74740535E-11  -6.28139988E-12
   1.02907127E-10  -9.95811333E-12  -1.45176093E-10   0.00000000       0.00000000       0.00000000       1.74740535E-11  -6.28139988E-12
  -1.66369182E-10   8.08713563E-21  -8.43467726E-11   0.00000000       0.00000000       0.00000000       2.77062011E-22  -1.23314265E-42
 
  -1.97848113E-10  -1.45176093E-10   1.67019149E-10   0.00000000       0.00000000       0.00000000       9.73853637E-12   8.91759409E-12
  -1.97848113E-10  -1.45176093E-10   1.67019149E-10   0.00000000       0.00000000       0.00000000       9.73853637E-12   8.91759409E-12
  -1.49220442E-10   1.54314478E-10   3.15321207E-12   0.00000000       0.00000000       0.00000000      -2.17065844E-22  -2.10194770E-43
 
   0.00000000       0.00000000       0.00000000       0.00000000       0.00000000       0.00000000       0.00000000       0.00000000    
   0.00000000       0.00000000       0.00000000       0.00000000       0.00000000       0.00000000       0.00000000       0.00000000    
   0.00000000       0.00000000       0.00000000       0.00000000       0.00000000       0.00000000       0.00000000       0.00000000    
 
   0.00000000       0.00000000       0.00000000       0.00000000       0.00000000       0.00000000       0.00000000       0.00000000    
   0.00000000       0.00000000       0.00000000       0.00000000       0.00000000       0.00000000       0.00000000       0.00000000    
   0.00000000       0.00000000       0.00000000       0.00000000       0.00000000       0.00000000       0.00000000       0.00000000    
 
   0.00000000       0.00000000       0.00000000       0.00000000       0.00000000       0.00000000       0.00000000       0.00000000    
   0.00000000       0.00000000       0.00000000       0.00000000       0.00000000       0.00000000       0.00000000       0.00000000    
   0.00000000       0.00000000       0.00000000       0.00000000       0.00000000       0.00000000       0.00000000       0.00000000    
 
   3.37173085E-12   1.74740535E-11   9.73853637E-12   0.00000000       0.00000000       0.00000000       1.60493428E-12  -8.48882122E-14
   3.37173085E-12   1.74740535E-11   9.73853637E-12   0.00000000       0.00000000       0.00000000      -2.56817376E-12  -8.48882122E-14
   1.29984941E-22  -8.50774445E-22   7.14197505E-22   0.00000000       0.00000000       0.00000000      -4.17310804E-12   2.52233724E-44
 
  -1.32240150E-12  -6.28139988E-12   8.91759409E-12   0.00000000       0.00000000       0.00000000      -8.48882122E-14   0.00000000    
  -1.32240150E-12  -6.28139988E-12   8.91759409E-12   0.00000000       0.00000000       0.00000000      -8.48882122E-14   0.00000000    
   6.52556394E-22  -8.41907548E-22  -4.89751305E-22   0.00000000       0.00000000       0.00000000       4.77894492E-23   0.00000000    
 
 PAGE           5
   1.02907127E-10  -9.95811333E-12  -1.45176093E-10   0.00000000       0.00000000       0.00000000       1.74740535E-11  -6.28139988E-12
   1.02907127E-10  -9.95811333E-12  -1.45176093E-10   0.00000000       0.00000000       0.00000000       1.74740535E-11  -6.28139988E-12
  -6.98641561E-11   6.59468814E-21   8.40448804E-12   0.00000000       0.00000000       0.00000000       2.83200863E-22  -1.23314265E-42
 
  -9.95811333E-12   2.93107066E-10   3.25176171E-11   0.00000000       0.00000000       0.00000000      -5.01823149E-12  -9.17880962E-12
  -9.95811333E-12   2.93107066E-10   3.25176171E-11   0.00000000       0.00000000       0.00000000      -5.01823149E-12  -9.17880962E-12
   5.27978843E-21   3.33835008E-11   2.95089026E-20   0.00000000       0.00000000       0.00000000       4.32604606E-22   3.32528126E-42
 
  -1.45176093E-10   3.25176171E-11  -3.96014194E-10   0.00000000       0.00000000       0.00000000       2.38851338E-13  -1.62436193E-11
  -1.45176093E-10   3.25176171E-11  -3.96014194E-10   0.00000000       0.00000000       0.00000000       2.38851338E-13  -1.62436193E-11
   3.63128777E-10  -6.31517339E-21  -1.98969556E-11   0.00000000       0.00000000       0.00000000       4.06867129E-23   6.44597294E-44
 
   0.00000000       0.00000000       0.00000000       0.00000000       0.00000000       0.00000000       0.00000000       0.00000000    
   0.00000000       0.00000000       0.00000000       0.00000000       0.00000000       0.00000000       0.00000000       0.00000000    
   0.00000000       0.00000000       0.00000000       0.00000000       0.00000000       0.00000000       0.00000000       0.00000000    
 
   0.00000000       0.00000000       0.00000000       0.00000000       0.00000000       0.00000000       0.00000000       0.00000000    
   0.00000000       0.00000000       0.00000000       0.00000000       0.00000000       0.00000000       0.00000000       0.00000000    
   0.00000000       0.00000000       0.00000000       0.00000000       0.00000000       0.00000000       0.00000000       0.00000000    
 
   0.00000000       0.00000000       0.00000000       0.00000000       0.00000000       0.00000000       0.00000000       0.00000000    
   0.00000000       0.00000000       0.00000000       0.00000000       0.00000000       0.00000000       0.00000000       0.00000000    
   0.00000000       0.00000000       0.00000000       0.00000000       0.00000000       0.00000000       0.00000000       0.00000000    
 
   1.74740535E-11  -5.01823149E-12   2.38851338E-13   0.00000000       0.00000000       0.00000000      -3.29942345E-13  -6.98558507E-13
   1.74740535E-11  -5.01823149E-12   2.38851338E-13   0.00000000       0.00000000       0.00000000      -1.58499028E-12  -6.98558507E-13
   7.63378401E-22  -4.83521399E-22   7.73697408E-22   0.00000000       0.00000000       0.00000000      -1.25504793E-12   6.10966130E-43
 
  -6.28139988E-12  -9.17880962E-12  -1.62436193E-11   0.00000000       0.00000000       0.00000000      -6.98558507E-13   0.00000000    
  -6.28139988E-12  -9.17880962E-12  -1.62436193E-11   0.00000000       0.00000000       0.00000000      -6.98558507E-13   0.00000000    
  -1.59996403E-22   9.12058310E-22  -3.37139966E-22   0.00000000       0.00000000       0.00000000       2.29117598E-23   0.00000000    
 
 PAGE           6
  -1.97848113E-10  -1.45176093E-10   1.67019149E-10   0.00000000       0.00000000       0.00000000       9.73853637E-12   8.91759409E-12
  -1.97848113E-10  -1.45176093E-10   1.67019149E-10   0.00000000       0.00000000       0.00000000       9.73853637E-12   8.91759409E-12
  -1.47593993E-10   2.21192689E-10   5.45087690E-11   0.00000000       0.00000000       0.00000000      -2.15264692E-22  -2.10194770E-43
 
  -1.45176093E-10   3.25176171E-11  -3.96014194E-10   0.00000000       0.00000000       0.00000000       2.38851338E-13  -1.62436193E-11
  -1.45176093E-10   3.25176171E-11  -3.96014194E-10   0.00000000       0.00000000       0.00000000       2.38851338E-13  -1.62436193E-11
   3.58695490E-10   7.88798947E-21   1.77615197E-11   0.00000000       0.00000000       0.00000000       6.00420400E-23   6.44597294E-44
 
   1.67019149E-10  -3.96014194E-10   1.65330499E-10   0.00000000       0.00000000       0.00000000       1.64650064E-12   1.05012110E-11
   1.67019149E-10  -3.96014194E-10   1.65330499E-10   0.00000000       0.00000000       0.00000000       1.64650064E-12   1.05012110E-11
   3.23710392E-10  -9.96410177E-11   5.90930221E-11   0.00000000       0.00000000       0.00000000       4.65218362E-22  -1.97723213E-42
 
   0.00000000       0.00000000       0.00000000       0.00000000       0.00000000       0.00000000       0.00000000       0.00000000    
   0.00000000       0.00000000       0.00000000       0.00000000       0.00000000       0.00000000       0.00000000       0.00000000    
   0.00000000       0.00000000       0.00000000       0.00000000       0.00000000       0.00000000       0.00000000       0.00000000    
 
   0.00000000       0.00000000       0.00000000       0.00000000       0.00000000       0.00000000       0.00000000       0.00000000    
   0.00000000       0.00000000       0.00000000       0.00000000       0.00000000       0.00000000       0.00000000       0.00000000    
   0.00000000       0.00000000       0.00000000       0.00000000       0.00000000       0.00000000       0.00000000       0.00000000    
 
   0.00000000       0.00000000       0.00000000       0.00000000       0.00000000       0.00000000       0.00000000       0.00000000    
   0.00000000       0.00000000       0.00000000       0.00000000       0.00000000       0.00000000       0.00000000       0.00000000    
   0.00000000       0.00000000       0.00000000       0.00000000       0.00000000       0.00000000       0.00000000       0.00000000    
 
   9.73853637E-12   2.38851338E-13   1.64650064E-12   0.00000000       0.00000000       0.00000000       1.71586635E-13  -3.67687841E-13
   9.73853637E-12   2.38851338E-13   1.64650064E-12   0.00000000       0.00000000       0.00000000       3.29222088E-12  -3.67687841E-13
  -1.35351669E-22  -1.06615679E-23  -8.09486551E-22   0.00000000       0.00000000       0.00000000       3.12063418E-12  -2.28411650E-43
 
   8.91759409E-12  -1.62436193E-11   1.05012110E-11   0.00000000       0.00000000       0.00000000      -3.67687841E-13   0.00000000    
   8.91759409E-12  -1.62436193E-11   1.05012110E-11   0.00000000       0.00000000       0.00000000      -3.67687841E-13   0.00000000    
   8.88881400E-22  -3.68021359E-22   7.15573379E-22   0.00000000       0.00000000       0.00000000      -5.72645428E-23   0.00000000    
 
 PAGE           7
   0.00000000       0.00000000       0.00000000       0.00000000       0.00000000       0.00000000       0.00000000       0.00000000    
   0.00000000       0.00000000       0.00000000       0.00000000       0.00000000       0.00000000       0.00000000       0.00000000    
   0.00000000       0.00000000       0.00000000       0.00000000       0.00000000       0.00000000       0.00000000       0.00000000    
 
   0.00000000       0.00000000       0.00000000       0.00000000       0.00000000       0.00000000       0.00000000       0.00000000    
   0.00000000       0.00000000       0.00000000       0.00000000       0.00000000       0.00000000       0.00000000       0.00000000    
   0.00000000       0.00000000       0.00000000       0.00000000       0.00000000       0.00000000       0.00000000       0.00000000    
 
   0.00000000       0.00000000       0.00000000       0.00000000       0.00000000       0.00000000       0.00000000       0.00000000    
   0.00000000       0.00000000       0.00000000       0.00000000       0.00000000       0.00000000       0.00000000       0.00000000    
   0.00000000       0.00000000       0.00000000       0.00000000       0.00000000       0.00000000       0.00000000       0.00000000    
 
   0.00000000       0.00000000       0.00000000       0.00000000       0.00000000       0.00000000       0.00000000       0.00000000    
   0.00000000       0.00000000       0.00000000       0.00000000       0.00000000       0.00000000       0.00000000       0.00000000    
   0.00000000       0.00000000       0.00000000       0.00000000       0.00000000       0.00000000       0.00000000       0.00000000    
 
   0.00000000       0.00000000       0.00000000       0.00000000       0.00000000       0.00000000       0.00000000       0.00000000    
   0.00000000       0.00000000       0.00000000       0.00000000       0.00000000       0.00000000       0.00000000       0.00000000    
   0.00000000       0.00000000       0.00000000       0.00000000       0.00000000       0.00000000       0.00000000       0.00000000    
 
   0.00000000       0.00000000       0.00000000       0.00000000       0.00000000       0.00000000       0.00000000       0.00000000    
   0.00000000       0.00000000       0.00000000       0.00000000       0.00000000       0.00000000       0.00000000       0.00000000    
   0.00000000       0.00000000       0.00000000       0.00000000       0.00000000       0.00000000       0.00000000       0.00000000    
 
   0.00000000       0.00000000       0.00000000       0.00000000       0.00000000       0.00000000       0.00000000       0.00000000    
   0.00000000       0.00000000       0.00000000       0.00000000       0.00000000       0.00000000       0.00000000       0.00000000    
   0.00000000       0.00000000       0.00000000       0.00000000       0.00000000       0.00000000       0.00000000       0.00000000    
 
   0.00000000       0.00000000       0.00000000       0.00000000       0.00000000       0.00000000       0.00000000       0.00000000    
   0.00000000       0.00000000       0.00000000       0.00000000       0.00000000       0.00000000       0.00000000       0.00000000    
   0.00000000       0.00000000       0.00000000       0.00000000       0.00000000       0.00000000       0.00000000       0.00000000    
 
 PAGE           8
   0.00000000       0.00000000       0.00000000       0.00000000       0.00000000       0.00000000       0.00000000       0.00000000    
   0.00000000       0.00000000       0.00000000       0.00000000       0.00000000       0.00000000       0.00000000       0.00000000    
   0.00000000       0.00000000       0.00000000       0.00000000       0.00000000       0.00000000       0.00000000       0.00000000    
 
   0.00000000       0.00000000       0.00000000       0.00000000       0.00000000       0.00000000       0.00000000       0.00000000    
   0.00000000       0.00000000       0.00000000       0.00000000       0.00000000       0.00000000       0.00000000       0.00000000    
   0.00000000       0.00000000       0.00000000       0.00000000       0.00000000       0.00000000       0.00000000       0.00000000    
 
   0.00000000       0.00000000       0.00000000       0.00000000       0.00000000       0.00000000       0.00000000       0.00000000    
   0.00000000       0.00000000       0.00000000       0.00000000       0.00000000       0.00000000       0.00000000       0.00000000    
   0.00000000       0.00000000       0.00000000       0.00000000       0.00000000       0.00000000       0.00000000       0.00000000    
 
   0.00000000       0.00000000       0.00000000       0.00000000       0.00000000       0.00000000       0.00000000       0.00000000    
   0.00000000       0.00000000       0.00000000       0.00000000       0.00000000       0.00000000       0.00000000       0.00000000    
   0.00000000       0.00000000       0.00000000       0.00000000       0.00000000       0.00000000       0.00000000       0.00000000    
 
   0.00000000       0.00000000       0.00000000       0.00000000       0.00000000       0.00000000       0.00000000       0.00000000    
   0.00000000       0.00000000       0.00000000       0.00000000       0.00000000       0.00000000       0.00000000       0.00000000    
   0.00000000       0.00000000       0.00000000       0.00000000       0.00000000       0.00000000       0.00000000       0.00000000    
 
   0.00000000       0.00000000       0.00000000       0.00000000       0.00000000       0.00000000       0.00000000       0.00000000    
   0.00000000       0.00000000       0.00000000       0.00000000       0.00000000       0.00000000       0.00000000       0.00000000    
   0.00000000       0.00000000       0.00000000       0.00000000       0.00000000       0.00000000       0.00000000       0.00000000    
 
   0.00000000       0.00000000       0.00000000       0.00000000       0.00000000       0.00000000       0.00000000       0.00000000    
   0.00000000       0.00000000       0.00000000       0.00000000       0.00000000       0.00000000       0.00000000       0.00000000    
   0.00000000       0.00000000       0.00000000       0.00000000       0.00000000       0.00000000       0.00000000       0.00000000    
 
   0.00000000       0.00000000       0.00000000       0.00000000       0.00000000       0.00000000       0.00000000       0.00000000    
   0.00000000       0.00000000       0.00000000       0.00000000       0.00000000       0.00000000       0.00000000       0.00000000    
   0.00000000       0.00000000       0.00000000       0.00000000       0.00000000       0.00000000       0.00000000       0.00000000    
 
 Integrating base case
 Done.
 Integrating finite diff first order with step   0.100000001      0.100000001      0.100000001       1.00000005E-03   1.00000005E-03   1.00000005E-03   100.000000       100.000000    
 Done.
 Integrating finite diff second order with step   0.100000001      0.100000001      0.100000001       1.00000005E-03   1.00000005E-03   1.00000005E-03   100.000000       100.000000    
 Done.
 FINAL TIME
   769845939.18506300     
 FINAL STATE
  -5945.7497104603117        21867.635467894459       -67349.674397216309       -7.1673912338217682E-002   1.2521416721571541E-002   1.0415031068416696E-002   769845939.18506300        576929.99986290000     
 FINAL STATE ERROR
  -2.3389671087319035E-002   4.6251300883858173        1.8168475296785458        4.9744772509462923E-006   4.3409444720846175E-006   9.3380541097030287E-006
 FINAL POSITION ERROR
   4.9692363957960790     
 FD THEN ANALYTIC STM THEN NORMALIZED ERROR
 -0.252033919      0.751711071      -1.29066622      -413816.344      -12789.8184      -51352.3047      -3.75514105E-02  -7.16739148E-02
 -0.252033889      0.751711071      -1.29066622      -413816.344      -12789.8184      -51352.3047      -3.75514105E-02  -7.16739148E-02
  -7.62821344E-08  -1.31249012E-08   3.75122600E-09  -2.28466269E-12  -7.68287170E-12   2.00037990E-11   6.18713469E-10  -1.43810630E-10
 
 -0.352955461      0.710646033      0.832709551      -127272.461      -231498.453      -182968.406       4.79882723E-03   1.25214169E-02
 -0.352955520      0.710646093      0.832709491      -127272.461      -231498.453      -182968.406       4.79882723E-03   1.25214169E-02
   1.12191763E-07   4.63679406E-08  -1.90704856E-08   2.04408018E-11   2.56289087E-12   8.55494842E-12  -5.06779685E-09  -1.48442514E-09
 
 -0.233460292     -0.265296608       1.32747114      -128771.797      -165274.453      -95778.3281      -1.22859087E-02   1.04150306E-02
 -0.233460307     -0.265296578       1.32747102      -128771.797      -165274.453      -95778.3281      -1.22859087E-02   1.04150306E-02
   7.23871025E-08  -9.67845111E-08  -9.75428716E-09  -1.09830513E-11   1.88240938E-12  -1.56465656E-11   5.14323140E-10  -4.64761868E-10
 
   2.17695401E-06   5.38266875E-07   1.89458524E-06  0.864824593     -0.255681127     -0.313891083       1.64411205E-07   3.93899526E-08
   2.17695401E-06   5.38266875E-07   1.89458524E-06  0.864824593     -0.255681127     -0.313891083       1.64411205E-07   3.93899526E-08
  -4.29894094E-08  -3.27471632E-08   3.97014013E-08   7.53038799E-13   5.74576740E-11   2.54182803E-11   1.75700121E-10   2.24553969E-11
 
  -2.01468924E-06   3.99231885E-06  -3.76479579E-06 -0.960398078      0.966495275      -5.73589373E-03  -3.00560430E-07  -7.46391947E-07
  -2.01468902E-06   3.99231885E-06  -3.76479579E-06 -0.960398078      0.966495275      -5.73589373E-03  -3.00560430E-07  -7.46391947E-07
  -5.59681901E-08  -8.52821547E-09   3.41493340E-08  -6.77177368E-12   2.41359745E-11  -1.12824261E-09   7.48197004E-10  -1.20286767E-10
 
   1.82254371E-06  -5.42262342E-06   1.25044971E-05   6.40731829E-04  -1.77342439      -4.86998679E-03  -1.27660220E-08   1.15513785E-06
   1.82254360E-06  -5.42262342E-06   1.25044971E-05   6.40731829E-04  -1.77342439      -4.86998679E-03  -1.27660220E-08   1.15513785E-06
  -1.00153613E-07  -3.81121410E-08  -6.99408398E-09  -4.44646646E-11   2.18562494E-12  -1.05781350E-09   2.39764475E-09  -6.09394202E-11
 
   3.28410407E-24   2.94313808E-24  -3.29518224E-24   1.28877695E-22  -6.30109779E-22  -1.73437128E-22   1.00000000       1.00000000    
   0.00000000       0.00000000       0.00000000       0.00000000       0.00000000       0.00000000       1.00000000       1.00000000    
  -3.28410407E-24  -2.94313808E-24   3.29518224E-24  -1.28877695E-22   6.30109779E-22   1.73437128E-22   2.40522457E-27  -8.80896282E-28
 
   0.00000000       0.00000000       0.00000000       0.00000000       0.00000000       0.00000000       0.00000000       1.00000000    
   0.00000000       0.00000000       0.00000000       0.00000000       0.00000000       0.00000000       0.00000000       1.00000000    
   0.00000000       0.00000000       0.00000000       0.00000000       0.00000000       0.00000000       0.00000000       0.00000000    
 
 FD THEN ANALYTIC STT THEN NORMALIZED ERROR
 PAGE           1
   3.35390287E-05  -4.63683973E-05   7.90328777E-05   6.59673500      -4.00416136      -1.64075387       1.77119898E-06   2.17695401E-06
   3.35390287E-05  -4.63683973E-05   7.90328850E-05   6.59673500      -4.00416136      -1.64075387       1.77119898E-06   2.17695401E-06
   3.29016530E-08   4.83178120E-08   6.82961101E-08  -4.99254596E-11   1.61161209E-10  -4.47209325E-10   4.88853402E-10  -6.33681441E-10
 
  -4.63683973E-05   1.16482079E-05  -1.11827085E-05  -16.6668167      -1.44439805     -0.219882250      -4.35977609E-06   5.38266875E-07
  -4.63683973E-05   1.16482115E-05  -1.11827158E-05  -16.6668167      -1.44439805     -0.219882250      -4.35977609E-06   5.38266875E-07
   3.48456020E-08   3.24426225E-07   6.76558329E-07  -1.02723455E-11  -6.67402744E-10   5.53175905E-09   5.06657383E-10   7.38854400E-09
 
   7.90328777E-05  -1.11827121E-05   7.78232643E-05   27.5581703      -1.86541176       1.06268215       2.17245702E-06   1.89458524E-06
   7.90328850E-05  -1.11827158E-05   7.78232716E-05   27.5581703      -1.86541176       1.06268215       2.17245702E-06   1.89458524E-06
   3.00649852E-08   3.33768014E-07   1.20398738E-07  -1.81589934E-11   6.39723274E-10   1.24285993E-09   6.55484445E-10  -1.05374565E-09
 
   6.59673500      -16.6668167       27.5581684       1790269.75      -1506966.12      -337082.781      0.736068428      0.864824593    
   6.59673500      -16.6668167       27.5581703       1790269.75      -1506966.12      -337082.781      0.736068428      0.864824593    
   8.00640532E-09   2.50527812E-08   5.31658770E-08  -5.90620677E-11   8.76848802E-11  -3.70835196E-10   2.78573498E-10  -3.43084144E-10
 
  -4.00416088      -1.44439888      -1.86541045      -1506966.12       1274631.00       399388.281     -0.565609038     -0.255681127    
  -4.00416136      -1.44439805      -1.86541176      -1506966.12       1274631.00       399388.281     -0.565609038     -0.255681127    
   1.19895361E-07  -5.67632014E-07   7.45987506E-07  -5.99773772E-11   1.13006660E-10  -5.86874271E-10   5.30364475E-10  -3.57028629E-09
 
  -1.64075410     -0.219881788       1.06268120      -337082.781       399388.281       1098981.88      -6.99569583E-02 -0.313891083    
  -1.64075387     -0.219882250       1.06268215      -337082.781       399388.281       1098981.88      -6.99569583E-02 -0.313891083    
  -1.22767432E-07   2.11834640E-06   9.37707910E-07   8.01400404E-11  -5.52767054E-10   1.70550227E-10  -6.78968881E-09  -1.25132821E-10
 
   1.77119909E-06  -4.35977609E-06   2.17245656E-06  0.736068428     -0.565609038      -6.99569583E-02   5.89313558E-08   1.64411205E-07
   1.77119898E-06  -4.35977609E-06   2.17245702E-06  0.736068428     -0.565609038      -6.99569583E-02   5.13104794E-07   1.63283801E-07
  -9.38442923E-09  -6.32336672E-09   1.35107570E-07  -4.21779833E-11   2.11727944E-11  -5.96777905E-11  0.885147512      -6.90462766E-03
 
   2.17695379E-06   5.38267386E-07   1.89458422E-06  0.864824593     -0.255681127     -0.313891083       1.64411205E-07   3.93899526E-08
   2.17695401E-06   5.38266875E-07   1.89458524E-06  0.864824593     -0.255681127     -0.313891083       1.63283801E-07  -1.63537184E-08
   9.67628040E-08  -9.69445182E-07   5.71123223E-07  -6.82080573E-11   6.83844092E-10  -5.67783376E-10  -6.90462580E-03   3.40862393    
 
 PAGE           2
   2.20584889E-06  -6.34753133E-06   2.25466738E-05  -1.71236217      0.819948256       1.22623301      -3.35634695E-06  -2.01468902E-06
   2.20584775E-06  -6.34752951E-06   2.25466702E-05  -1.71236217      0.819948256       1.22623301      -3.35634695E-06  -2.01468902E-06
  -4.74261014E-07  -2.93738964E-07  -1.25276927E-07   1.48249316E-10   2.19155818E-10  -4.41608333E-10   3.82175819E-10  -1.21656996E-09
 
  -6.34753042E-06  -3.29729592E-05   3.29818067E-05   1.02826619      -12.1277113      -7.86613894       7.94342384E-07   3.99231885E-06
  -6.34752951E-06  -3.29729592E-05   3.29818067E-05   1.02826619      -12.1277113      -7.86613894       7.94342384E-07   3.99231885E-06
  -1.84442314E-07   5.98561130E-08   6.89500581E-08   1.94318409E-10   3.23300137E-11  -7.95836452E-11   2.69167244E-09  -2.57238453E-10
 
   2.25466738E-05   3.29818031E-05  -4.15896102E-05 -0.141146868       23.2871952       10.5492229      -3.20019331E-06  -3.76479579E-06
   2.25466702E-05   3.29818067E-05  -4.15896102E-05 -0.141146868       23.2871952       10.5492229      -3.20019331E-06  -3.76479579E-06
  -1.06776952E-07   1.09223805E-07   5.55041915E-08   3.89826926E-09   1.76236734E-11  -9.33402314E-11   8.09140588E-10  -1.12072907E-09
 
  -1.71236193       1.02826595     -0.141146302      -2088150.12       476360.688       109751.281     -0.569398642     -0.960398078    
  -1.71236217       1.02826619     -0.141146868      -2088150.12       476360.688       109751.281     -0.569398642     -0.960398078    
   1.81389908E-07   2.81995597E-07   3.99057990E-06   1.50118164E-11   1.92338788E-12  -8.23874302E-10   5.38520409E-11  -3.81347953E-10
 
  0.819947898      -12.1277103       23.2871952       476360.688      -3082334.50      -1272216.75     -0.171884865      0.966495275    
  0.819948256      -12.1277113       23.2871952       476360.688      -3082334.50      -1272216.75     -0.171884850      0.966495275    
   4.49196705E-07   5.17759773E-08   2.79879386E-09   1.09901858E-10   2.81016009E-11  -1.14662384E-10  -2.91212698E-09  -3.45320272E-10
 
   1.22623312      -7.86613894       10.5492239       109751.281      -1272216.75      -998002.750     -0.327290148      -5.73589327E-03
   1.22623301      -7.86613894       10.5492229       109751.281      -1272216.75      -998002.750     -0.327290148      -5.73589373E-03
  -1.25252271E-07  -1.52225486E-08  -7.51576650E-08  -2.42873416E-10  -4.05471039E-11   8.54007143E-11   5.48262158E-10   3.27980096E-08
 
  -3.35634695E-06   7.94342384E-07  -3.20019308E-06 -0.569398642     -0.171884850     -0.327290148      -2.12831779E-07  -3.00560430E-07
  -3.35634695E-06   7.94342384E-07  -3.20019331E-06 -0.569398642     -0.171884850     -0.327290148      -1.68777291E-07  -3.83243759E-07
   2.46510830E-08   4.79910014E-08   3.64598982E-08   2.28127673E-11   5.17663100E-11   4.25799951E-11 -0.261021376      0.215746060    
 
  -2.01468879E-06   3.99231840E-06  -3.76479534E-06 -0.960398078      0.966495275      -5.73589373E-03  -3.00560430E-07  -7.46391947E-07
  -2.01468902E-06   3.99231885E-06  -3.76479579E-06 -0.960398078      0.966495275      -5.73589373E-03  -3.83243759E-07  -8.36837557E-07
   1.08180949E-07   5.52941195E-08   1.52887381E-07   3.69821916E-11   5.31577178E-11   1.61611737E-08  0.215746060      0.108080223    
 
 PAGE           3
   4.63518654E-06  -1.98082889E-05   4.90460625E-05 -0.401855975      -3.06746912      0.317401528      -1.22315203E-06   1.82254360E-06
   4.63518154E-06  -1.98082780E-05   4.90460407E-05 -0.401855975      -3.06746912      0.317401528      -1.22315203E-06   1.82254360E-06
  -1.09844518E-06  -5.89123545E-07  -4.09154694E-07  -3.17237769E-09  -7.28529015E-10  -1.11594192E-08   7.54734261E-11   4.03066469E-09
 
  -1.98082853E-05   1.55624712E-05  -5.45838520E-05  -3.45849586       2.33037138      -5.45689011      -7.47939396E-07  -5.42262342E-06
  -1.98082780E-05   1.55624548E-05  -5.45838266E-05  -3.45849586       2.33037138      -5.45689011      -7.47939396E-07  -5.42262342E-06
  -3.50422908E-07  -9.97104507E-07  -4.87561294E-07   3.28528843E-10  -1.55399194E-09  -9.38254585E-10  -2.10240048E-09   1.42696799E-09
 
   4.90460516E-05  -5.45838448E-05   1.27349762E-04   10.7090969      -7.32528019       5.17367554       8.04547710E-07   1.25044971E-05
   4.90460407E-05  -5.45838266E-05   1.27349733E-04   10.7090969      -7.32528019       5.17367554       8.04547710E-07   1.25044971E-05
  -1.99649648E-07  -3.84290502E-07  -2.70224319E-07   1.58415905E-10  -6.07259798E-10  -1.27089561E-09  -1.78952431E-09   9.29338217E-10
 
 -0.401854903      -3.45849800       10.7091007      -747855.188      -916735.875      -333118.906     -0.113115497       6.40730083E-04
 -0.401855975      -3.45849586       10.7090969      -747855.188      -916735.875      -333118.906     -0.113115497       6.40731538E-04
   2.60618663E-06  -6.42900318E-07  -3.81672464E-07  -6.26649066E-10  -2.63963573E-10   1.73952552E-09  -4.40900516E-09   2.32716866E-06
 
  -3.06747079       2.33037496      -7.32528591      -916735.875       718633.250      -352769.406     -0.578314781      -1.77342439    
  -3.06746912       2.33037138      -7.32528019      -916735.875       718633.250      -352769.406     -0.578314781      -1.77342439    
  -5.04324305E-07  -1.56347619E-06  -7.65309778E-07   5.31941324E-10  -7.77447884E-10  -2.88846391E-09  -2.32676170E-10   1.24410382E-09
 
  0.317402780      -5.45689249       5.17368031      -333118.906      -352769.406      -883074.062     -0.373116076      -4.86998819E-03
  0.317401528      -5.45689011       5.17367554      -333118.906      -352769.406      -883074.062     -0.373116076      -4.86998726E-03
  -3.93612299E-06  -4.65293510E-07  -9.10315521E-07   2.27276031E-10  -2.40258924E-09   1.10290033E-09   1.39851786E-09  -2.01527200E-07
 
  -1.22315191E-06  -7.47939737E-07   8.04548222E-07 -0.113115497     -0.578314781     -0.373116076      -7.55348921E-08  -1.27660220E-08
  -1.22315203E-06  -7.47939396E-07   8.04547710E-07 -0.113115497     -0.578314781     -0.373116076       8.55486846E-08   7.34097014E-08
   1.38212741E-07  -4.10768365E-07  -6.80113317E-07  -6.75160816E-10   1.78075631E-12   1.79153206E-10   1.88294625       1.17390108    
 
   1.82254473E-06  -5.42262569E-06   1.25045017E-05   6.40731363E-04  -1.77342439      -4.86998633E-03  -1.27660220E-08   1.15513785E-06
   1.82254360E-06  -5.42262342E-06   1.25044971E-05   6.40731538E-04  -1.77342439      -4.86998726E-03   7.34097014E-08   1.21869334E-06
  -6.68383564E-07  -4.59672719E-07  -3.64286535E-07   2.62038895E-07  -3.40281719E-10   1.72851728E-07   1.17390108       5.21504804E-02
 
 PAGE           4
  -1.04990591E-11  -2.01128784E-11   6.50016430E-11   1.38469545E-07  -5.78660956E-06   1.01308285E-06  -5.68455385E-13   2.68001637E-12
  -1.04990652E-11  -2.01128766E-11   6.50016430E-11   1.38469545E-07  -5.78660956E-06   1.01308285E-06  -5.68455385E-13   2.68001637E-12
  -6.32801068E-18   1.99278253E-18  -1.71395972E-19  -6.88882240E-09   4.25196822E-11  -6.38165021E-10   2.15469564E-21   6.23482540E-21
 
  -2.01128836E-11   6.54019269E-11  -1.93620286E-10  -2.81949269E-05   7.63042317E-06  -5.17493118E-06  -3.86579917E-12  -1.40344004E-11
  -2.01128766E-11   6.54019269E-11  -1.93620286E-10  -2.81949269E-05   7.63042317E-06  -5.17493118E-06  -3.86579917E-12  -1.40344004E-11
   7.10626646E-18  -2.21429095E-18   1.02810764E-08  -3.88778072E-11  -2.97891815E-11  -1.62007310E-10   6.44031975E-23  -7.36950879E-21
 
   6.50016430E-11  -1.93620300E-10   4.43704323E-10   5.64851653E-05  -2.40050304E-05   5.46405545E-07   7.92232772E-12   3.29468154E-11
   6.50016430E-11  -1.93620286E-10   4.43704323E-10   5.64851653E-05  -2.40050304E-05   5.46405545E-07   7.92232772E-12   3.29468154E-11
   2.17931408E-19  -8.51950688E-09   2.40588993E-09  -1.00390590E-11  -1.48182300E-11  -1.23584909E-09  -1.38945916E-21  -6.11842356E-21
 
   1.38473268E-07  -2.81949269E-05   5.64851653E-05  -3.05016708      -7.29809380      -2.51915145       2.72414991E-06   6.69939072E-06
   1.38469545E-07  -2.81949269E-05   5.64851653E-05  -3.05016708      -7.29809380      -2.51915145       2.72414991E-06   6.69939072E-06
  -2.69055126E-05   3.66993080E-09   3.78131659E-08   4.89628824E-11   4.79901709E-11   2.07986805E-11   8.04524891E-10   3.23321730E-10
 
  -5.78660820E-06   7.63042408E-06  -2.40050322E-05  -7.29809380       2.32226229     -0.476424515       3.98845799E-07  -1.13556018E-06
  -5.78660956E-06   7.63042317E-06  -2.40050304E-05  -7.29809380       2.32226229     -0.476424515       3.98845799E-07  -1.13556018E-06
   2.52799083E-07  -9.87108848E-08  -5.02692465E-08  -1.31475837E-11  -9.20371626E-11  -3.17270710E-10   3.10202863E-09  -1.38416456E-09
 
   1.01308467E-06  -5.17493118E-06   5.46405829E-07  -2.51915145     -0.476424515      -2.01578736       4.14177038E-07   6.14762641E-08
   1.01308285E-06  -5.17493118E-06   5.46405545E-07  -2.51915145     -0.476424515      -2.01578736       4.14177038E-07   6.14762641E-08
  -1.76137951E-06   2.14221219E-09  -4.49710370E-07   8.78994516E-11  -4.02140170E-12   5.11362827E-11   1.62536185E-09   1.67352585E-08
 
  -5.68454626E-13  -3.86579917E-12   7.92232686E-12   2.72414991E-06   3.98845799E-07   4.14177038E-07   1.20283861E-12   1.58224779E-12
  -5.68455385E-13  -3.86579917E-12   7.92232772E-12   2.72414991E-06   3.98845799E-07   4.14177038E-07  -6.60384291E-13   6.48787068E-13
  -7.57840440E-19   1.13464825E-20   1.01317724E-18  -5.78763903E-12  -1.64809957E-10  -1.82149174E-11  -1.86322290E-12  -9.33460666E-13
 
   2.68001745E-12  -1.40344012E-11   3.29468154E-11   6.69939072E-06  -1.13556018E-06   6.14762641E-08   1.58224779E-12   2.35630135E-12
   2.68001637E-12  -1.40344004E-11   3.29468154E-11   6.69939072E-06  -1.13556018E-06   6.14762641E-08   6.48787068E-13   1.66051222E-12
  -1.08431364E-18   6.65387704E-20   5.76777015E-19  -1.84643949E-11  -3.43220487E-11  -1.44773205E-09  -9.33460666E-13  -6.95789129E-13
 
 PAGE           5
   1.55832500E-10  -1.09461676E-10   1.31236924E-10   4.21928853E-05   3.15504667E-06   5.56548275E-06   5.78005309E-12   2.19071983E-12
   1.55832500E-10  -1.09461683E-10   1.31236938E-10   4.21928853E-05   3.15504667E-06   5.56548275E-06   5.78005309E-12   2.19071983E-12
   2.30423041E-08   6.28269490E-08   7.87036782E-08  -1.60458868E-11  -4.54528581E-10   3.08303244E-10  -6.67900836E-22  -8.82775147E-21
 
  -1.09461683E-10   9.64848895E-11   8.67132269E-11  -3.57408826E-05  -2.47679218E-05  -1.70501517E-05  -3.90663847E-12  -1.26772594E-12
  -1.09461683E-10   9.64849034E-11   8.67132130E-11  -3.57408826E-05  -2.47679218E-05  -1.70501517E-05  -3.90663847E-12  -1.26772594E-12
   1.18169119E-08   7.58163475E-18  -1.36311019E-17  -2.76577320E-11  -9.80551265E-11   1.26945579E-10  -1.35791270E-21   5.77337252E-21
 
   1.31236952E-10   8.67132199E-11  -2.84569340E-10   5.12623847E-05   5.97973267E-05   4.07897751E-05   7.62985248E-12  -1.16371912E-11
   1.31236938E-10   8.67132130E-11  -2.84569313E-10   5.12623847E-05   5.97973267E-05   4.07897751E-05   7.62985248E-12  -1.16371912E-11
  -5.89257354E-08  -6.66869577E-18  -1.08530799E-07  -5.24280272E-11  -5.16209089E-11   4.71170672E-11   1.57144061E-21   1.08444792E-20
 
   4.21928853E-05  -3.57408826E-05   5.12623810E-05   18.0110378       1.99965012       1.82178092       2.41898670E-06   3.26960588E-07
   4.21928853E-05  -3.57408826E-05   5.12623847E-05   18.0110378       1.99965012       1.82178092       2.41898670E-06   3.26960588E-07
  -1.76015540E-08   3.74952940E-08   6.79225707E-08  -1.73857716E-11  -1.19970159E-10   1.49416549E-10  -3.29445395E-11  -1.93722302E-10
 
   3.15504622E-06  -2.47679236E-05   5.97973340E-05   1.99965012     -0.289244533     -0.637458146      -2.07411153E-06   1.77612321E-06
   3.15504667E-06  -2.47679218E-05   5.97973267E-05   1.99965012     -0.289244533     -0.637458146      -2.07411153E-06   1.77612321E-06
   1.60809847E-07  -6.41029061E-08  -8.39766940E-08   2.25261476E-10  -1.40754164E-09   5.94469696E-10   2.58999877E-10   5.34639943E-10
 
   5.56548139E-06  -1.70501498E-05   4.07897751E-05   1.82178092     -0.637458146       5.00697994      -1.46019659E-06   1.19742140E-06
   5.56548275E-06  -1.70501517E-05   4.07897751E-05   1.82178092     -0.637458146       5.00697994      -1.46019659E-06   1.19742140E-06
   2.51894789E-07   7.34170769E-08   1.39741649E-08  -7.11800324E-12   7.90678856E-10   7.97237276E-11   1.03220599E-10  -7.13390069E-10
 
   5.78005395E-12  -3.90663803E-12   7.62985161E-12   2.41898670E-06  -2.07411153E-06  -1.46019659E-06   7.40158748E-13  -3.10312838E-13
   5.78005309E-12  -3.90663847E-12   7.62985248E-12   2.41898670E-06  -2.07411153E-06  -1.46019659E-06  -5.67437644E-13  -1.87940549E-12
  -5.65601443E-19  -3.05038309E-19   7.85017407E-19  -2.61158352E-11   1.32127573E-11  -2.99067299E-11  -1.30759639E-12  -1.56909273E-12
 
   2.19072004E-12  -1.26772475E-12  -1.16371929E-11   3.26960588E-07   1.77612321E-06   1.19742140E-06  -3.10312838E-13  -4.98835890E-13
   2.19071983E-12  -1.26772594E-12  -1.16371912E-11   3.26960588E-07   1.77612321E-06   1.19742140E-06  -1.87940549E-12  -1.91264214E-12
  -1.21075421E-19  -1.23999575E-18   1.98965785E-18  -7.08149428E-10  -2.34625097E-10   2.74796075E-10  -1.56909273E-12  -1.41380625E-12
 
 PAGE           6
  -2.47299736E-10   5.25363303E-12   8.33097966E-11  -9.19738959E-05  -1.40961247E-05  -1.29845084E-05  -1.56377689E-11  -5.66381187E-12
  -2.47299764E-10   5.25370329E-12   8.33096717E-11  -9.19738959E-05  -1.40961247E-05  -1.29845084E-05  -1.56377689E-11  -5.66381143E-12
   1.28405219E-07   7.02983348E-17  -1.23079777E-16  -8.02054811E-11  -9.03922159E-10   1.64016045E-09   2.36359731E-21   4.87870641E-20
 
   5.25366035E-12  -8.25631369E-11  -1.92585059E-10   3.76242715E-05  -1.11262243E-05  -1.70123458E-05   4.99133460E-12  -4.66639791E-12
   5.25370329E-12  -8.25632271E-11  -1.92584906E-10   3.76242715E-05  -1.11262243E-05  -1.70123458E-05   4.99133460E-12  -4.66639791E-12
   4.29793782E-17  -9.40045106E-17  -8.36533218E-07  -1.72334161E-10   1.89236360E-09  -1.81038362E-09   8.67082707E-21  -5.53956588E-20
 
   8.33097411E-11  -1.92585031E-10   1.94776431E-10  -4.74076041E-05   3.79437297E-05   2.19721223E-05  -6.10000028E-12   2.12328020E-11
   8.33096717E-11  -1.92584906E-10   1.94776223E-10  -4.74076041E-05   3.79437297E-05   2.19721223E-05  -6.10000028E-12   2.12328020E-11
  -6.88115604E-17  -6.66156950E-07  -1.05766526E-06  -1.98759814E-10   6.64858779E-10  -1.81286575E-09  -2.62486885E-21   8.78561583E-20
 
  -9.19738886E-05   3.76242569E-05  -4.74075787E-05  -48.8164291      -4.35140610      -6.79752445      -3.60934655E-06  -4.90602633E-06
  -9.19738959E-05   3.76242715E-05  -4.74076041E-05  -48.8164291      -4.35140610      -6.79752445      -3.60934655E-06  -4.90602633E-06
   8.75329818E-08   3.54069584E-07   5.42028658E-07  -5.36571135E-11  -2.67303235E-10   5.14883802E-10  -1.37282696E-09  -2.27207386E-09
 
  -1.40961347E-05  -1.11262016E-05   3.79436970E-05  -4.35140610      -22.2515697      -9.62666035      -9.02714248E-07  -3.14979025E-06
  -1.40961247E-05  -1.11262243E-05   3.79437297E-05  -4.35140610      -22.2515697      -9.62666035      -9.02714248E-07  -3.14979025E-06
  -7.20517335E-07   2.07322978E-06   8.66226515E-07   6.24930108E-10   1.46434989E-10  -6.55968335E-10  -1.39232981E-09   5.61095481E-09
 
  -1.29845012E-05  -1.70123603E-05   2.19721496E-05  -6.79752445      -9.62666035      -15.9329691      -1.78281130E-06  -1.89387004E-06
  -1.29845084E-05  -1.70123458E-05   2.19721223E-05  -6.79752445      -9.62666035      -15.9329691      -1.78281130E-06  -1.89387004E-06
   5.38419897E-07  -8.54924622E-07  -1.30398041E-06   4.51228846E-11  -5.16870546E-10   3.56470492E-10   1.49476165E-09  -2.22190688E-09
 
  -1.56377671E-11   4.99133287E-12  -6.09999681E-12  -3.60934655E-06  -9.02714248E-07  -1.78281130E-06  -4.26981123E-13  -5.27101366E-13
  -1.56377689E-11   4.99133460E-12  -6.10000028E-12  -3.60934655E-06  -9.02714248E-07  -1.78281130E-06   8.65389574E-13   2.86237641E-13
  -1.52151240E-18   1.79744052E-18  -3.23890468E-18  -1.22427249E-10   5.47627187E-11   2.24473870E-10   1.29237072E-12   8.13339034E-13
 
  -5.66380363E-12  -4.66641309E-12   2.12328280E-11  -4.90602633E-06  -3.14979025E-06  -1.89387004E-06  -5.27101366E-13  -2.07744331E-13
  -5.66381143E-12  -4.66639791E-12   2.12328020E-11  -4.90602633E-06  -3.14979025E-06  -1.89387004E-06   2.86237641E-13   4.24549664E-13
  -7.84666672E-18   1.50822554E-17  -2.69993175E-17  -2.01071756E-10  -1.11825349E-09   2.66498912E-09   8.13339034E-13   6.32293968E-13
 
 PAGE           7
   0.00000000       0.00000000       0.00000000       0.00000000       0.00000000       0.00000000       0.00000000       0.00000000    
   0.00000000       0.00000000       0.00000000       0.00000000       0.00000000       0.00000000       0.00000000       0.00000000    
   0.00000000       0.00000000       0.00000000       0.00000000       0.00000000       0.00000000       0.00000000       0.00000000    
 
   0.00000000       0.00000000       0.00000000       0.00000000       0.00000000       0.00000000       0.00000000       0.00000000    
   0.00000000       0.00000000       0.00000000       0.00000000       0.00000000       0.00000000       0.00000000       0.00000000    
   0.00000000       0.00000000       0.00000000       0.00000000       0.00000000       0.00000000       0.00000000       0.00000000    
 
   0.00000000       0.00000000       0.00000000       0.00000000       0.00000000       0.00000000       0.00000000       0.00000000    
   0.00000000       0.00000000       0.00000000       0.00000000       0.00000000       0.00000000       0.00000000       0.00000000    
   0.00000000       0.00000000       0.00000000       0.00000000       0.00000000       0.00000000       0.00000000       0.00000000    
 
   0.00000000       0.00000000       0.00000000       0.00000000       0.00000000       0.00000000       0.00000000       0.00000000    
   0.00000000       0.00000000       0.00000000       0.00000000       0.00000000       0.00000000       0.00000000       0.00000000    
   0.00000000       0.00000000       0.00000000       0.00000000       0.00000000       0.00000000       0.00000000       0.00000000    
 
   0.00000000       0.00000000       0.00000000       0.00000000       0.00000000       0.00000000       0.00000000       0.00000000    
   0.00000000       0.00000000       0.00000000       0.00000000       0.00000000       0.00000000       0.00000000       0.00000000    
   0.00000000       0.00000000       0.00000000       0.00000000       0.00000000       0.00000000       0.00000000       0.00000000    
 
   0.00000000       0.00000000       0.00000000       0.00000000       0.00000000       0.00000000       0.00000000       0.00000000    
   0.00000000       0.00000000       0.00000000       0.00000000       0.00000000       0.00000000       0.00000000       0.00000000    
   0.00000000       0.00000000       0.00000000       0.00000000       0.00000000       0.00000000       0.00000000       0.00000000    
 
   0.00000000       0.00000000       0.00000000       0.00000000       0.00000000       0.00000000       0.00000000       0.00000000    
   0.00000000       0.00000000       0.00000000       0.00000000       0.00000000       0.00000000       0.00000000       0.00000000    
   0.00000000       0.00000000       0.00000000       0.00000000       0.00000000       0.00000000       0.00000000       0.00000000    
 
   0.00000000      -1.08906751E-33  -1.47425350E-33  -3.18695562E-32  -2.40282683E-31   1.04321209E-31  -2.51058731E-36   6.58026083E-37
   0.00000000       0.00000000       0.00000000       0.00000000       0.00000000       0.00000000       0.00000000       0.00000000    
   0.00000000       1.08906751E-33   1.47425350E-33   3.18695562E-32   2.40282683E-31  -1.04321209E-31   2.51058731E-36  -6.58026083E-37
 
 PAGE           8
   0.00000000       0.00000000       0.00000000       0.00000000       0.00000000       0.00000000       0.00000000       0.00000000    
   0.00000000       0.00000000       0.00000000       0.00000000       0.00000000       0.00000000       0.00000000       0.00000000    
   0.00000000       0.00000000       0.00000000       0.00000000       0.00000000       0.00000000       0.00000000       0.00000000    
 
   0.00000000       0.00000000       0.00000000       0.00000000       0.00000000       0.00000000       0.00000000       0.00000000    
   0.00000000       0.00000000       0.00000000       0.00000000       0.00000000       0.00000000       0.00000000       0.00000000    
   0.00000000       0.00000000       0.00000000       0.00000000       0.00000000       0.00000000       0.00000000       0.00000000    
 
   0.00000000       0.00000000       0.00000000       0.00000000       0.00000000       0.00000000       0.00000000       0.00000000    
   0.00000000       0.00000000       0.00000000       0.00000000       0.00000000       0.00000000       0.00000000       0.00000000    
   0.00000000       0.00000000       0.00000000       0.00000000       0.00000000       0.00000000       0.00000000       0.00000000    
 
   0.00000000       0.00000000       0.00000000       0.00000000       0.00000000       0.00000000       0.00000000       0.00000000    
   0.00000000       0.00000000       0.00000000       0.00000000       0.00000000       0.00000000       0.00000000       0.00000000    
   0.00000000       0.00000000       0.00000000       0.00000000       0.00000000       0.00000000       0.00000000       0.00000000    
 
   0.00000000       0.00000000       0.00000000       0.00000000       0.00000000       0.00000000       0.00000000       0.00000000    
   0.00000000       0.00000000       0.00000000       0.00000000       0.00000000       0.00000000       0.00000000       0.00000000    
   0.00000000       0.00000000       0.00000000       0.00000000       0.00000000       0.00000000       0.00000000       0.00000000    
 
   0.00000000       0.00000000       0.00000000       0.00000000       0.00000000       0.00000000       0.00000000       0.00000000    
   0.00000000       0.00000000       0.00000000       0.00000000       0.00000000       0.00000000       0.00000000       0.00000000    
   0.00000000       0.00000000       0.00000000       0.00000000       0.00000000       0.00000000       0.00000000       0.00000000    
 
   0.00000000       0.00000000       0.00000000       0.00000000       0.00000000       0.00000000       0.00000000       0.00000000    
   0.00000000       0.00000000       0.00000000       0.00000000       0.00000000       0.00000000       0.00000000       0.00000000    
   0.00000000       0.00000000       0.00000000       0.00000000       0.00000000       0.00000000       0.00000000       0.00000000    
 
   0.00000000       0.00000000       0.00000000       0.00000000       0.00000000       0.00000000       0.00000000       0.00000000    
   0.00000000       0.00000000       0.00000000       0.00000000       0.00000000       0.00000000       0.00000000       0.00000000    
   0.00000000       0.00000000       0.00000000       0.00000000       0.00000000       0.00000000       0.00000000       0.00000000    
 
