 Generating QIST model for reference trajectory       -60000
 Using ephemeris data from /home/david/wrk/nstgro/qist/libqist/fort/data/20240524_gw_resample.subspice
 Relative to body          301
 With perturbations from bodies          399
 From J2000 +    769259009.185200099999999999999999987      
 To J2000 +    769845939.185062999999999999999999959      
 
 WARNING: pines working memory not allocated, exiting (deallocatepines)
 FD THEN ANALYTIC JACOBIAN THEN NORMALIZED ERROR
   0.00000000       0.00000000       0.00000000       576930.000       0.00000000       0.00000000       0.00000000       5.00297407E-03
   0.00000000       0.00000000       0.00000000       576930.000       0.00000000       0.00000000       0.00000000       5.00297407E-03
   0.00000000       0.00000000       0.00000000            -Infinity   0.00000000       0.00000000       0.00000000             Infinity
 
   0.00000000       0.00000000       0.00000000       0.00000000       576930.000       0.00000000       0.00000000       6.41462952E-02
   0.00000000       0.00000000       0.00000000       0.00000000       576930.000       0.00000000       0.00000000       6.41462952E-02
   0.00000000       0.00000000       0.00000000       0.00000000            -Infinity   0.00000000       0.00000000            -Infinity
 
   0.00000000       0.00000000       0.00000000       0.00000000       0.00000000       576930.000       0.00000000       3.44225764E-02
   0.00000000       0.00000000       0.00000000       0.00000000       0.00000000       576930.000       0.00000000       3.44225764E-02
   0.00000000       0.00000000       0.00000000       0.00000000       0.00000000             Infinity   0.00000000            -Infinity
 
  -7.60350929E-07  -3.65153824E-06   5.13285067E-06   0.00000000       0.00000000       0.00000000      -4.91202172E-08  -3.57549261E-08
  -7.60350929E-07  -3.65153824E-06   5.13285067E-06   0.00000000       0.00000000       0.00000000      -4.91202172E-08  -3.57549261E-08
        -Infinity        -Infinity         Infinity   0.00000000       0.00000000       0.00000000            -Infinity        -Infinity
 
  -3.65153824E-06  -5.31274009E-06  -9.38846097E-06   0.00000000       0.00000000       0.00000000      -4.03191393E-07  -6.08464006E-07
  -3.65153824E-06  -5.31274009E-06  -9.38846097E-06   0.00000000       0.00000000       0.00000000      -4.03191393E-07  -6.08464006E-07
        -Infinity         Infinity        -Infinity   0.00000000       0.00000000       0.00000000            -Infinity         Infinity
 
   5.13285067E-06  -9.38846097E-06   6.07309130E-06   0.00000000       0.00000000       0.00000000      -2.12167535E-07   1.14810643E-06
   5.13285067E-06  -9.38846097E-06   6.07309130E-06   0.00000000       0.00000000       0.00000000      -2.12167535E-07   1.14810643E-06
        -Infinity        -Infinity        -Infinity   0.00000000       0.00000000       0.00000000             Infinity        -Infinity
 
   0.00000000       0.00000000       0.00000000       0.00000000       0.00000000       0.00000000       0.00000000       1.00000000    
   0.00000000       0.00000000       0.00000000       0.00000000       0.00000000       0.00000000       0.00000000       1.00000000    
   0.00000000       0.00000000       0.00000000       0.00000000       0.00000000       0.00000000       0.00000000                  NaN
 
   0.00000000       0.00000000       0.00000000       0.00000000       0.00000000       0.00000000       0.00000000       0.00000000    
   0.00000000       0.00000000       0.00000000       0.00000000       0.00000000       0.00000000       0.00000000       0.00000000    
   0.00000000       0.00000000       0.00000000       0.00000000       0.00000000       0.00000000       0.00000000       0.00000000    
 
 FD THEN ANALYTIC HESSIAN THEN NORMALIZED ERROR
 PAGE           1
   0.00000000       0.00000000       0.00000000       0.00000000       0.00000000       0.00000000       0.00000000       0.00000000    
   0.00000000       0.00000000       0.00000000       0.00000000       0.00000000       0.00000000       0.00000000       0.00000000    
   0.00000000       0.00000000       0.00000000       0.00000000       0.00000000       0.00000000       0.00000000       0.00000000    
 
   0.00000000       0.00000000       0.00000000       0.00000000       0.00000000       0.00000000       0.00000000       0.00000000    
   0.00000000       0.00000000       0.00000000       0.00000000       0.00000000       0.00000000       0.00000000       0.00000000    
   0.00000000       0.00000000       0.00000000       0.00000000       0.00000000       0.00000000       0.00000000       0.00000000    
 
   0.00000000       0.00000000       0.00000000       0.00000000       0.00000000       0.00000000       0.00000000       0.00000000    
   0.00000000       0.00000000       0.00000000       0.00000000       0.00000000       0.00000000       0.00000000       0.00000000    
   0.00000000       0.00000000       0.00000000       0.00000000       0.00000000       0.00000000       0.00000000       0.00000000    
 
   0.00000000       0.00000000       0.00000000       0.00000000       0.00000000       0.00000000       0.00000000       1.00000000    
   0.00000000       0.00000000       0.00000000       0.00000000       0.00000000       0.00000000       0.00000000       1.00000000    
   0.00000000       0.00000000       0.00000000       0.00000000       0.00000000       0.00000000       0.00000000                  NaN
 
   0.00000000       0.00000000       0.00000000       0.00000000       0.00000000       0.00000000       0.00000000       0.00000000    
   0.00000000       0.00000000       0.00000000       0.00000000       0.00000000       0.00000000       0.00000000       0.00000000    
   0.00000000       0.00000000       0.00000000       0.00000000       0.00000000       0.00000000       0.00000000       0.00000000    
 
   0.00000000       0.00000000       0.00000000       0.00000000       0.00000000       0.00000000       0.00000000       0.00000000    
   0.00000000       0.00000000       0.00000000       0.00000000       0.00000000       0.00000000       0.00000000       0.00000000    
   0.00000000       0.00000000       0.00000000       0.00000000       0.00000000       0.00000000       0.00000000       0.00000000    
 
   0.00000000       0.00000000       0.00000000       0.00000000       0.00000000       0.00000000       0.00000000       0.00000000    
   0.00000000       0.00000000       0.00000000       0.00000000       0.00000000       0.00000000       0.00000000       0.00000000    
   0.00000000       0.00000000       0.00000000       0.00000000       0.00000000       0.00000000       0.00000000       0.00000000    
 
   0.00000000       0.00000000       0.00000000       1.00000000       0.00000000       0.00000000       0.00000000       0.00000000    
   0.00000000       0.00000000       0.00000000       1.00000000       0.00000000       0.00000000       0.00000000       0.00000000    
   0.00000000       0.00000000       0.00000000            -Infinity   0.00000000       0.00000000       0.00000000       0.00000000    
 
 PAGE           2
   0.00000000       0.00000000       0.00000000       0.00000000       0.00000000       0.00000000       0.00000000       0.00000000    
   0.00000000       0.00000000       0.00000000       0.00000000       0.00000000       0.00000000       0.00000000       0.00000000    
   0.00000000       0.00000000       0.00000000       0.00000000       0.00000000       0.00000000       0.00000000       0.00000000    
 
   0.00000000       0.00000000       0.00000000       0.00000000       0.00000000       0.00000000       0.00000000       0.00000000    
   0.00000000       0.00000000       0.00000000       0.00000000       0.00000000       0.00000000       0.00000000       0.00000000    
   0.00000000       0.00000000       0.00000000       0.00000000       0.00000000       0.00000000       0.00000000       0.00000000    
 
   0.00000000       0.00000000       0.00000000       0.00000000       0.00000000       0.00000000       0.00000000       0.00000000    
   0.00000000       0.00000000       0.00000000       0.00000000       0.00000000       0.00000000       0.00000000       0.00000000    
   0.00000000       0.00000000       0.00000000       0.00000000       0.00000000       0.00000000       0.00000000       0.00000000    
 
   0.00000000       0.00000000       0.00000000       0.00000000       0.00000000       0.00000000       0.00000000       0.00000000    
   0.00000000       0.00000000       0.00000000       0.00000000       0.00000000       0.00000000       0.00000000       0.00000000    
   0.00000000       0.00000000       0.00000000       0.00000000       0.00000000       0.00000000       0.00000000       0.00000000    
 
   0.00000000       0.00000000       0.00000000       0.00000000       0.00000000       0.00000000       0.00000000       1.00000000    
   0.00000000       0.00000000       0.00000000       0.00000000       0.00000000       0.00000000       0.00000000       1.00000000    
   0.00000000       0.00000000       0.00000000       0.00000000       0.00000000       0.00000000       0.00000000                  NaN
 
   0.00000000       0.00000000       0.00000000       0.00000000       0.00000000       0.00000000       0.00000000       0.00000000    
   0.00000000       0.00000000       0.00000000       0.00000000       0.00000000       0.00000000       0.00000000       0.00000000    
   0.00000000       0.00000000       0.00000000       0.00000000       0.00000000       0.00000000       0.00000000       0.00000000    
 
   0.00000000       0.00000000       0.00000000       0.00000000       0.00000000       0.00000000       0.00000000       0.00000000    
   0.00000000       0.00000000       0.00000000       0.00000000       0.00000000       0.00000000       0.00000000       0.00000000    
   0.00000000       0.00000000       0.00000000       0.00000000       0.00000000       0.00000000       0.00000000       0.00000000    
 
   0.00000000       0.00000000       0.00000000       0.00000000       1.00000000       0.00000000       0.00000000       0.00000000    
   0.00000000       0.00000000       0.00000000       0.00000000       1.00000000       0.00000000       0.00000000       0.00000000    
   0.00000000       0.00000000       0.00000000       0.00000000            -Infinity   0.00000000       0.00000000       0.00000000    
 
 PAGE           3
   0.00000000       0.00000000       0.00000000       0.00000000       0.00000000       0.00000000       0.00000000       0.00000000    
   0.00000000       0.00000000       0.00000000       0.00000000       0.00000000       0.00000000       0.00000000       0.00000000    
   0.00000000       0.00000000       0.00000000       0.00000000       0.00000000       0.00000000       0.00000000       0.00000000    
 
   0.00000000       0.00000000       0.00000000       0.00000000       0.00000000       0.00000000       0.00000000       0.00000000    
   0.00000000       0.00000000       0.00000000       0.00000000       0.00000000       0.00000000       0.00000000       0.00000000    
   0.00000000       0.00000000       0.00000000       0.00000000       0.00000000       0.00000000       0.00000000       0.00000000    
 
   0.00000000       0.00000000       0.00000000       0.00000000       0.00000000       0.00000000       0.00000000       0.00000000    
   0.00000000       0.00000000       0.00000000       0.00000000       0.00000000       0.00000000       0.00000000       0.00000000    
   0.00000000       0.00000000       0.00000000       0.00000000       0.00000000       0.00000000       0.00000000       0.00000000    
 
   0.00000000       0.00000000       0.00000000       0.00000000       0.00000000       0.00000000       0.00000000       0.00000000    
   0.00000000       0.00000000       0.00000000       0.00000000       0.00000000       0.00000000       0.00000000       0.00000000    
   0.00000000       0.00000000       0.00000000       0.00000000       0.00000000       0.00000000       0.00000000       0.00000000    
 
   0.00000000       0.00000000       0.00000000       0.00000000       0.00000000       0.00000000       0.00000000       0.00000000    
   0.00000000       0.00000000       0.00000000       0.00000000       0.00000000       0.00000000       0.00000000       0.00000000    
   0.00000000       0.00000000       0.00000000       0.00000000       0.00000000       0.00000000       0.00000000       0.00000000    
 
   0.00000000       0.00000000       0.00000000       0.00000000       0.00000000       0.00000000       0.00000000       1.00000000    
   0.00000000       0.00000000       0.00000000       0.00000000       0.00000000       0.00000000       0.00000000       1.00000000    
   0.00000000       0.00000000       0.00000000       0.00000000       0.00000000       0.00000000       0.00000000                  NaN
 
   0.00000000       0.00000000       0.00000000       0.00000000       0.00000000       0.00000000       0.00000000       0.00000000    
   0.00000000       0.00000000       0.00000000       0.00000000       0.00000000       0.00000000       0.00000000       0.00000000    
   0.00000000       0.00000000       0.00000000       0.00000000       0.00000000       0.00000000       0.00000000       0.00000000    
 
   0.00000000       0.00000000       0.00000000       0.00000000       0.00000000       1.00000000       0.00000000       0.00000000    
   0.00000000       0.00000000       0.00000000       0.00000000       0.00000000       1.00000000       0.00000000       0.00000000    
   0.00000000       0.00000000       0.00000000       0.00000000       0.00000000             Infinity   0.00000000       0.00000000    
 
 PAGE           4
  -1.57060989E-10   1.02907030E-10  -1.97848210E-10   0.00000000       0.00000000       0.00000000       3.38355017E-12  -1.31792580E-12
  -1.96042543E-10   1.14220466E-10  -2.05039499E-10   0.00000000       0.00000000       0.00000000       0.00000000      -1.12961021E-11
        -Infinity         Infinity        -Infinity   0.00000000       0.00000000       0.00000000      -3.38355017E-12  -9.97817627E-12
 
   1.02907030E-10  -9.95855828E-12  -1.45176662E-10   0.00000000       0.00000000       0.00000000       1.74795924E-11  -6.32925700E-12
   1.14220466E-10   8.93783051E-12  -1.43908718E-10   0.00000000       0.00000000       0.00000000       0.00000000      -4.20334904E-12
         Infinity   1.88963879E-11         Infinity   0.00000000       0.00000000       0.00000000      -1.74795924E-11   2.12590817E-12
 
  -1.97848210E-10  -1.45176662E-10   1.67019551E-10   0.00000000       0.00000000       0.00000000       9.74092595E-12   8.89683466E-12
  -2.05039499E-10  -1.43908718E-10   1.87104721E-10   0.00000000       0.00000000       0.00000000       0.00000000       7.54551803E-12
        -Infinity         Infinity         Infinity   0.00000000       0.00000000       0.00000000      -9.74092595E-12  -1.35131684E-12
 
   0.00000000       0.00000000       0.00000000       0.00000000       0.00000000       0.00000000       0.00000000       0.00000000    
   0.00000000       0.00000000       0.00000000       0.00000000       0.00000000       0.00000000       0.00000000       0.00000000    
   0.00000000       0.00000000       0.00000000       0.00000000       0.00000000       0.00000000       0.00000000       0.00000000    
 
   0.00000000       0.00000000       0.00000000       0.00000000       0.00000000       0.00000000       0.00000000       0.00000000    
   0.00000000       0.00000000       0.00000000       0.00000000       0.00000000       0.00000000       0.00000000       0.00000000    
   0.00000000       0.00000000       0.00000000       0.00000000       0.00000000       0.00000000       0.00000000       0.00000000    
 
   0.00000000       0.00000000       0.00000000       0.00000000       0.00000000       0.00000000       0.00000000       0.00000000    
   0.00000000       0.00000000       0.00000000       0.00000000       0.00000000       0.00000000       0.00000000       0.00000000    
   0.00000000       0.00000000       0.00000000       0.00000000       0.00000000       0.00000000       0.00000000       0.00000000    
 
   3.38355017E-12   1.74795924E-11   9.74092595E-12   0.00000000       0.00000000       0.00000000       1.60499370E-12  -8.51406890E-14
   0.00000000       0.00000000       0.00000000       0.00000000       0.00000000       0.00000000       0.00000000       0.00000000    
  -3.38355017E-12  -1.74795924E-11  -9.74092595E-12   0.00000000       0.00000000       0.00000000      -1.60499370E-12   8.51406890E-14
 
  -1.31792580E-12  -6.32925700E-12   8.89683466E-12   0.00000000       0.00000000       0.00000000      -8.51406890E-14   0.00000000    
  -1.12961021E-11  -4.20334904E-12   7.54551803E-12   0.00000000       0.00000000       0.00000000       0.00000000       0.00000000    
  -9.97817627E-12   2.12590817E-12  -1.35131684E-12   0.00000000       0.00000000       0.00000000       8.51406890E-14   0.00000000    
 
 PAGE           5
   1.02907030E-10  -9.95855828E-12  -1.45176662E-10   0.00000000       0.00000000       0.00000000       1.74795924E-11  -6.32925700E-12
   1.14220466E-10   8.93783051E-12  -1.43908718E-10   0.00000000       0.00000000       0.00000000       0.00000000      -4.20334904E-12
         Infinity   1.88963879E-11         Infinity   0.00000000       0.00000000       0.00000000      -1.74795924E-11   2.12590817E-12
 
  -9.95855828E-12   2.93107316E-10   3.25174748E-11   0.00000000       0.00000000       0.00000000      -5.02782191E-12  -9.20863906E-12
   8.93783051E-12   2.84607421E-10   3.42000317E-11   0.00000000       0.00000000       0.00000000       0.00000000      -4.30828897E-12
   1.88963879E-11        -Infinity   1.68255535E-12   0.00000000       0.00000000       0.00000000       5.02782191E-12   4.90035009E-12
 
  -1.45176662E-10   3.25174748E-11  -3.96014360E-10   0.00000000       0.00000000       0.00000000       2.34877547E-13  -1.62731374E-11
  -1.43908718E-10   3.42000317E-11  -3.98827887E-10   0.00000000       0.00000000       0.00000000       0.00000000      -1.60838443E-11
         Infinity   1.68255535E-12        -Infinity   0.00000000       0.00000000       0.00000000      -2.34877547E-13   1.89293229E-13
 
   0.00000000       0.00000000       0.00000000       0.00000000       0.00000000       0.00000000       0.00000000       0.00000000    
   0.00000000       0.00000000       0.00000000       0.00000000       0.00000000       0.00000000       0.00000000       0.00000000    
   0.00000000       0.00000000       0.00000000       0.00000000       0.00000000       0.00000000       0.00000000       0.00000000    
 
   0.00000000       0.00000000       0.00000000       0.00000000       0.00000000       0.00000000       0.00000000       0.00000000    
   0.00000000       0.00000000       0.00000000       0.00000000       0.00000000       0.00000000       0.00000000       0.00000000    
   0.00000000       0.00000000       0.00000000       0.00000000       0.00000000       0.00000000       0.00000000       0.00000000    
 
   0.00000000       0.00000000       0.00000000       0.00000000       0.00000000       0.00000000       0.00000000       0.00000000    
   0.00000000       0.00000000       0.00000000       0.00000000       0.00000000       0.00000000       0.00000000       0.00000000    
   0.00000000       0.00000000       0.00000000       0.00000000       0.00000000       0.00000000       0.00000000       0.00000000    
 
   1.74795924E-11  -5.02782191E-12   2.34877547E-13   0.00000000       0.00000000       0.00000000      -3.29978097E-13  -6.98856717E-13
   0.00000000       0.00000000       0.00000000       0.00000000       0.00000000       0.00000000       0.00000000       0.00000000    
  -1.74795924E-11   5.02782191E-12  -2.34877547E-13   0.00000000       0.00000000       0.00000000       3.29978097E-13   6.98856717E-13
 
  -6.32925700E-12  -9.20863906E-12  -1.62731374E-11   0.00000000       0.00000000       0.00000000      -6.98856717E-13   0.00000000    
  -4.20334904E-12  -4.30828897E-12  -1.60838443E-11   0.00000000       0.00000000       0.00000000       0.00000000       0.00000000    
   2.12590817E-12   4.90035009E-12   1.89293229E-13   0.00000000       0.00000000       0.00000000       6.98856717E-13   0.00000000    
 
 PAGE           6
  -1.97848210E-10  -1.45176662E-10   1.67019551E-10   0.00000000       0.00000000       0.00000000       9.74092595E-12   8.89683466E-12
  -2.05039499E-10  -1.43908718E-10   1.87104721E-10   0.00000000       0.00000000       0.00000000       0.00000000       7.54551803E-12
        -Infinity         Infinity         Infinity   0.00000000       0.00000000       0.00000000      -9.74092595E-12  -1.35131684E-12
 
  -1.45176662E-10   3.25174748E-11  -3.96014360E-10   0.00000000       0.00000000       0.00000000       2.34877547E-13  -1.62731374E-11
  -1.43908718E-10   3.42000317E-11  -3.98827887E-10   0.00000000       0.00000000       0.00000000       0.00000000      -1.60838443E-11
         Infinity   1.68255535E-12        -Infinity   0.00000000       0.00000000       0.00000000      -2.34877547E-13   1.89293229E-13
 
   1.67019551E-10  -3.96014360E-10   1.65330721E-10   0.00000000       0.00000000       0.00000000       1.64427185E-12   1.05265649E-11
   1.87104721E-10  -3.98827887E-10   1.70839468E-10   0.00000000       0.00000000       0.00000000       0.00000000       1.56043910E-11
         Infinity        -Infinity         Infinity   0.00000000       0.00000000       0.00000000      -1.64427185E-12   5.07782575E-12
 
   0.00000000       0.00000000       0.00000000       0.00000000       0.00000000       0.00000000       0.00000000       0.00000000    
   0.00000000       0.00000000       0.00000000       0.00000000       0.00000000       0.00000000       0.00000000       0.00000000    
   0.00000000       0.00000000       0.00000000       0.00000000       0.00000000       0.00000000       0.00000000       0.00000000    
 
   0.00000000       0.00000000       0.00000000       0.00000000       0.00000000       0.00000000       0.00000000       0.00000000    
   0.00000000       0.00000000       0.00000000       0.00000000       0.00000000       0.00000000       0.00000000       0.00000000    
   0.00000000       0.00000000       0.00000000       0.00000000       0.00000000       0.00000000       0.00000000       0.00000000    
 
   0.00000000       0.00000000       0.00000000       0.00000000       0.00000000       0.00000000       0.00000000       0.00000000    
   0.00000000       0.00000000       0.00000000       0.00000000       0.00000000       0.00000000       0.00000000       0.00000000    
   0.00000000       0.00000000       0.00000000       0.00000000       0.00000000       0.00000000       0.00000000       0.00000000    
 
   9.74092595E-12   2.34877547E-13   1.64427185E-12   0.00000000       0.00000000       0.00000000       1.71535827E-13  -3.67752649E-13
   0.00000000       0.00000000       0.00000000       0.00000000       0.00000000       0.00000000       0.00000000       0.00000000    
  -9.74092595E-12  -2.34877547E-13  -1.64427185E-12   0.00000000       0.00000000       0.00000000      -1.71535827E-13   3.67752649E-13
 
   8.89683466E-12  -1.62731374E-11   1.05265649E-11   0.00000000       0.00000000       0.00000000      -3.67752649E-13   0.00000000    
   7.54551803E-12  -1.60838443E-11   1.56043910E-11   0.00000000       0.00000000       0.00000000       0.00000000       0.00000000    
  -1.35131684E-12   1.89293229E-13   5.07782575E-12   0.00000000       0.00000000       0.00000000       3.67752649E-13   0.00000000    
 
 PAGE           7
   0.00000000       0.00000000       0.00000000       0.00000000       0.00000000       0.00000000       0.00000000       0.00000000    
   0.00000000       0.00000000       0.00000000       0.00000000       0.00000000       0.00000000       0.00000000       0.00000000    
   0.00000000       0.00000000       0.00000000       0.00000000       0.00000000       0.00000000       0.00000000       0.00000000    
 
   0.00000000       0.00000000       0.00000000       0.00000000       0.00000000       0.00000000       0.00000000       0.00000000    
   0.00000000       0.00000000       0.00000000       0.00000000       0.00000000       0.00000000       0.00000000       0.00000000    
   0.00000000       0.00000000       0.00000000       0.00000000       0.00000000       0.00000000       0.00000000       0.00000000    
 
   0.00000000       0.00000000       0.00000000       0.00000000       0.00000000       0.00000000       0.00000000       0.00000000    
   0.00000000       0.00000000       0.00000000       0.00000000       0.00000000       0.00000000       0.00000000       0.00000000    
   0.00000000       0.00000000       0.00000000       0.00000000       0.00000000       0.00000000       0.00000000       0.00000000    
 
   0.00000000       0.00000000       0.00000000       0.00000000       0.00000000       0.00000000       0.00000000       0.00000000    
   0.00000000       0.00000000       0.00000000       0.00000000       0.00000000       0.00000000       0.00000000       0.00000000    
   0.00000000       0.00000000       0.00000000       0.00000000       0.00000000       0.00000000       0.00000000       0.00000000    
 
   0.00000000       0.00000000       0.00000000       0.00000000       0.00000000       0.00000000       0.00000000       0.00000000    
   0.00000000       0.00000000       0.00000000       0.00000000       0.00000000       0.00000000       0.00000000       0.00000000    
   0.00000000       0.00000000       0.00000000       0.00000000       0.00000000       0.00000000       0.00000000       0.00000000    
 
   0.00000000       0.00000000       0.00000000       0.00000000       0.00000000       0.00000000       0.00000000       0.00000000    
   0.00000000       0.00000000       0.00000000       0.00000000       0.00000000       0.00000000       0.00000000       0.00000000    
   0.00000000       0.00000000       0.00000000       0.00000000       0.00000000       0.00000000       0.00000000       0.00000000    
 
   0.00000000       0.00000000       0.00000000       0.00000000       0.00000000       0.00000000       0.00000000       0.00000000    
   0.00000000       0.00000000       0.00000000       0.00000000       0.00000000       0.00000000       0.00000000       0.00000000    
   0.00000000       0.00000000       0.00000000       0.00000000       0.00000000       0.00000000       0.00000000       0.00000000    
 
   0.00000000       0.00000000       0.00000000       0.00000000       0.00000000       0.00000000       0.00000000       0.00000000    
   0.00000000       0.00000000       0.00000000       0.00000000       0.00000000       0.00000000       0.00000000       0.00000000    
   0.00000000       0.00000000       0.00000000       0.00000000       0.00000000       0.00000000       0.00000000       0.00000000    
 
 PAGE           8
   0.00000000       0.00000000       0.00000000       0.00000000       0.00000000       0.00000000       0.00000000       0.00000000    
   0.00000000       0.00000000       0.00000000       0.00000000       0.00000000       0.00000000       0.00000000       0.00000000    
   0.00000000       0.00000000       0.00000000       0.00000000       0.00000000       0.00000000       0.00000000       0.00000000    
 
   0.00000000       0.00000000       0.00000000       0.00000000       0.00000000       0.00000000       0.00000000       0.00000000    
   0.00000000       0.00000000       0.00000000       0.00000000       0.00000000       0.00000000       0.00000000       0.00000000    
   0.00000000       0.00000000       0.00000000       0.00000000       0.00000000       0.00000000       0.00000000       0.00000000    
 
   0.00000000       0.00000000       0.00000000       0.00000000       0.00000000       0.00000000       0.00000000       0.00000000    
   0.00000000       0.00000000       0.00000000       0.00000000       0.00000000       0.00000000       0.00000000       0.00000000    
   0.00000000       0.00000000       0.00000000       0.00000000       0.00000000       0.00000000       0.00000000       0.00000000    
 
   0.00000000       0.00000000       0.00000000       0.00000000       0.00000000       0.00000000       0.00000000       0.00000000    
   0.00000000       0.00000000       0.00000000       0.00000000       0.00000000       0.00000000       0.00000000       0.00000000    
   0.00000000       0.00000000       0.00000000       0.00000000       0.00000000       0.00000000       0.00000000       0.00000000    
 
   0.00000000       0.00000000       0.00000000       0.00000000       0.00000000       0.00000000       0.00000000       0.00000000    
   0.00000000       0.00000000       0.00000000       0.00000000       0.00000000       0.00000000       0.00000000       0.00000000    
   0.00000000       0.00000000       0.00000000       0.00000000       0.00000000       0.00000000       0.00000000       0.00000000    
 
   0.00000000       0.00000000       0.00000000       0.00000000       0.00000000       0.00000000       0.00000000       0.00000000    
   0.00000000       0.00000000       0.00000000       0.00000000       0.00000000       0.00000000       0.00000000       0.00000000    
   0.00000000       0.00000000       0.00000000       0.00000000       0.00000000       0.00000000       0.00000000       0.00000000    
 
   0.00000000       0.00000000       0.00000000       0.00000000       0.00000000       0.00000000       0.00000000       0.00000000    
   0.00000000       0.00000000       0.00000000       0.00000000       0.00000000       0.00000000       0.00000000       0.00000000    
   0.00000000       0.00000000       0.00000000       0.00000000       0.00000000       0.00000000       0.00000000       0.00000000    
 
   0.00000000       0.00000000       0.00000000       0.00000000       0.00000000       0.00000000       0.00000000       0.00000000    
   0.00000000       0.00000000       0.00000000       0.00000000       0.00000000       0.00000000       0.00000000       0.00000000    
   0.00000000       0.00000000       0.00000000       0.00000000       0.00000000       0.00000000       0.00000000       0.00000000    
 
 Integrating base case
 Done.
 Integrating finite diff first order with step    1.00000000       1.00000000       1.00000000       1.00000005E-03   1.00000005E-03   1.00000005E-03   10000.0000       10000.0000    
 Done.
 Integrating finite diff second order with step    1.00000000       1.00000000       1.00000000       1.00000005E-03   1.00000005E-03   1.00000005E-03   10000.0000       10000.0000    
 Done.
 FINAL TIME
   769845939.18506300     
 FINAL STATE
  -5910.4274795095234        21985.342438492429       -67289.304444640031       -7.1538963806766109E-002   1.2998329009132864E-002   1.0243623639806691E-002   769845939.18506300        576929.99986290000     
 FINAL STATE ERROR
   35.298841279701087        122.33210068635661        62.186800105967450        1.3992300870252031E-004   4.8125323203340742E-004  -1.6206937450030244E-004
 FINAL POSITION ERROR
   141.69809159422709     
 FD THEN ANALYTIC STM THEN NORMALIZED ERROR
 -0.247666270      0.755868733      -1.28993905      -412383.375      -11490.1260      -50913.6992      -3.76648605E-02  -7.15389550E-02
 -0.247666046      0.755868912      -1.28993905      -412383.562      -11490.0215      -50913.6016      -3.76648530E-02  -7.15389773E-02
  -8.62540332E-07   1.69147739E-07  -4.98818800E-08   4.62743060E-07  -9.09036407E-06  -1.96794167E-06  -1.81813476E-07   2.86853776E-07
 
 -0.346315891      0.716117561      0.831865251      -125337.516      -229272.859      -181785.312       4.88295825E-03   1.29983202E-02
 -0.346316129      0.716117501      0.831865191      -125337.422      -229272.984      -181785.422       4.88295825E-03   1.29983304E-02
   7.48659090E-07  -2.82158723E-08  -5.61913147E-08  -7.58707358E-07   5.35038112E-07   6.33867614E-07   1.35999976E-08   7.34912646E-07
 
 -0.231281221     -0.259439021       1.32425177      -127798.750      -163662.125      -95346.6641      -1.22248530E-02   1.02436179E-02
 -0.231282473     -0.259439379       1.32425106      -127798.297      -163662.484      -95346.9609      -1.22249080E-02   1.02436822E-02
   5.39007442E-06   1.40905229E-06  -5.46175613E-07  -3.54522945E-06   2.16085232E-06   3.12999600E-06   4.51952383E-06   6.29901433E-06
 
   2.18906575E-06   5.34050116E-07   1.88582646E-06  0.868997276     -0.251784623     -0.310597807       1.63850927E-07   3.95066273E-08
   2.18906530E-06   5.34050457E-07   1.88582567E-06  0.868997157     -0.251784682     -0.310597897       1.63850899E-07   3.95065847E-08
  -2.58290669E-07   6.42057103E-07  -4.47874498E-07  -1.14714737E-07   2.60148880E-07   3.13501459E-07  -9.01013024E-08  -1.07608912E-06
 
  -2.01059152E-06   3.99387818E-06  -3.78327059E-06 -0.954927742      0.972238839      -3.47039988E-03  -3.00010981E-07  -7.45520538E-07
  -2.01059129E-06   3.99387818E-06  -3.78326968E-06 -0.954928041      0.972238779      -3.47041222E-03  -3.00010953E-07  -7.45520595E-07
  -1.48561114E-07   6.02060553E-08  -2.23816727E-07   2.54239808E-07  -3.91568378E-08   3.51457356E-06  -9.16045551E-08   3.05530428E-08
 
   1.84940552E-06  -5.40650535E-06   1.24972157E-05   1.11009022E-02  -1.76186156       1.80850981E-03  -1.22045289E-08   1.15413366E-06
   1.84939836E-06  -5.40650763E-06   1.24972121E-05   1.11036338E-02  -1.76186371       1.80676812E-03  -1.22048540E-08   1.15413411E-06
  -3.89765182E-06   4.16930220E-07  -3.11091128E-07   2.46009353E-04   1.21539733E-06  -9.63949307E-04   2.66314673E-05   3.92642391E-07
 
  -1.73314035E-25   1.66051584E-25  -2.36337328E-25  -2.00640536E-22   7.81636454E-23   8.05023971E-23   1.00000000       1.00000000    
   0.00000000       0.00000000       0.00000000       0.00000000       0.00000000       0.00000000       1.00000000       1.00000000    
   1.73314035E-25  -1.66051584E-25   2.36337328E-25   2.00640536E-22  -7.81636454E-23  -8.05023971E-23   4.88675834E-30  -1.02270732E-29
 
   0.00000000       0.00000000       0.00000000       0.00000000       0.00000000       0.00000000       0.00000000       1.00000000    
   0.00000000       0.00000000       0.00000000       0.00000000       0.00000000       0.00000000       0.00000000       1.00000000    
   0.00000000       0.00000000       0.00000000       0.00000000       0.00000000       0.00000000       0.00000000       0.00000000    
 
 FD THEN ANALYTIC STT THEN NORMALIZED ERROR
 PAGE           1
   3.36089579E-05  -4.62839416E-05   7.88201796E-05   6.62573433      -3.99799228      -1.61825001       1.77554887E-06   2.18906530E-06
   4.02185833E-05  -4.73874170E-05   8.45027171E-05   7.51354074      -4.37236500      -1.25927961       4.32886225E-07   3.84422356E-06
  0.164342582       2.32862867E-02   6.72468469E-02  0.118160911       8.56225267E-02 -0.285060078      -3.10165262      0.430557251    
 
  -4.62839853E-05   1.20622690E-05  -1.13247397E-05  -16.6522675      -1.41759872     -0.226044148      -4.36107075E-06   5.34050457E-07
  -4.73874170E-05   9.13318217E-06  -1.21286557E-05  -16.9906349      -1.40610218       4.82068807E-02  -1.31149477E-06   5.87070588E-07
   2.32853834E-02 -0.320708215       6.62823915E-02   1.99149773E-02  -8.17615725E-03   5.68904352      -2.32526731       9.03130472E-02
 
   7.88202015E-05  -1.13246942E-05   7.75243025E-05   27.5137749      -1.87999845       1.07112861       2.17716502E-06   1.88582555E-06
   8.45027171E-05  -1.21286557E-05   7.83321666E-05   29.0846233      -2.03218412       1.01933300       2.46883542E-06   2.95499672E-06
   6.72465637E-02   6.62861243E-02   1.03132939E-02   5.40096238E-02   7.48877078E-02  -5.08132651E-02  0.118140839      0.361818045    
 
   6.62556648      -16.6520348       27.5134716       1808113.62      -1498932.38      -329859.094      0.735899270      0.868997157    
   7.51354074      -16.9906349       29.0846233       2057660.88      -1654881.50      -286654.562       6.35288954E-02  0.814347148    
  0.118183233       1.99287068E-02   5.40200397E-02  0.121277153       9.42358822E-02 -0.150719866      -10.5836935      -6.71089962E-02
 
  -3.99786329      -1.41778398      -1.87976289      -1498960.00       1265820.12       390857.281     -0.564113677     -0.251784682    
  -4.37236500      -1.40610218      -2.03218412      -1654881.50       1252992.00       355115.656     -0.343549222     -0.282782644    
   8.56520012E-02  -8.30789562E-03   7.50036463E-02   9.42191780E-02  -1.02379657E-02 -0.100647859     -0.642017007      0.109617651    
 
  -1.61810112     -0.226234257       1.07138801      -329794.844       390783.875       1096499.12      -6.78575411E-02 -0.310597926    
  -1.25927961       4.82068807E-02   1.01933300      -286654.562       355115.656       1012585.62       2.42383666E-02  -6.04395755E-02
 -0.284941852       5.69298697      -5.10677584E-02 -0.150495738     -0.100441150      -8.28704908E-02   3.79959202      -4.13898277    
 
   1.77553727E-06  -4.36105347E-06   2.17714319E-06  0.735902071     -0.564114034      -6.78646713E-02   5.88893343E-08   1.63850913E-07
   4.32886225E-07  -1.31149477E-06   2.46883542E-06   6.35288954E-02 -0.343549222       2.42383666E-02   2.02262900E-08   1.45186661E-07
  -3.10162568      -2.32525420      0.118149698      -10.5837383     -0.642018020       3.79988623      -1.91152430     -0.128553495    
 
   2.18907326E-06   5.34049377E-07   1.88583442E-06  0.869035482     -0.251815349     -0.310628951       1.63853798E-07   3.95065989E-08
   3.84422356E-06   5.87070588E-07   2.95499672E-06  0.814347148     -0.282782644      -6.04395755E-02   1.45186661E-07   2.67898344E-07
  0.430555165       9.03148800E-02  0.361815035      -6.71560988E-02  0.109509267      -4.13949633     -0.128573433      0.852531374    
 
 PAGE           2
   2.16853732E-06  -6.14450028E-06   2.20657894E-05  -1.69809520      0.837002397       1.22077954      -3.33882713E-06  -2.01059152E-06
   4.09146878E-06  -5.55621091E-06   1.94972745E-05  -1.86170423      0.637711644      0.622009337      -4.16400468E-07  -2.78284517E-07
  0.469985634     -0.105879657     -0.131737113       8.78813043E-02 -0.312509149     -0.962638617      -7.01830769      -6.22494888    
 
  -6.14450892E-06  -3.25652036E-05   3.27054622E-05   1.07747555      -12.0519266      -7.82100630       8.09600920E-07   3.99387818E-06
  -5.55621091E-06  -3.57898862E-05   3.48565154E-05   1.70486891      -12.0956087      -7.25605202       1.74965396E-06   3.74256774E-06
 -0.105881214       9.01003927E-02   6.17116727E-02  0.368000925       3.61135369E-03  -7.78597593E-02  0.537279427      -6.71492741E-02
 
   2.20658167E-05   3.27054404E-05  -4.19343669E-05 -0.217775881       23.1965904       10.4932728      -3.19123524E-06  -3.78326990E-06
   1.94972745E-05   3.48565154E-05  -4.49683030E-05 -0.621618450       22.6932507       9.37102795      -2.93242488E-06  -4.45579235E-06
 -0.131738484       6.17123060E-02   6.74683005E-02  0.649663091      -2.21801829E-02 -0.119756840      -8.82581770E-02  0.150932223    
 
  -1.69798696       1.07733130     -0.217589587      -2074754.00       482381.312       108038.117     -0.566435635     -0.954928041    
  -1.86170423       1.70486891     -0.621618450      -2274671.50       385665.812      -94706.9766     -0.295054764     -0.624704301    
   8.79394487E-02  0.368085563      0.649962783       8.78885239E-02 -0.250775367       2.14076185     -0.919764519     -0.528608084    
 
  0.836909473      -12.0518045       23.1964340       482395.656      -3076570.00      -1271447.25     -0.168457955      0.972238839    
  0.637711644      -12.0956087       22.6932507       385665.812      -2960833.00      -1224951.62      0.280108064       1.13425183    
 -0.312363416       3.62147135E-03  -2.21732892E-02 -0.250812560      -3.90893072E-02  -3.79570760E-02   1.60140336      0.142836943    
 
   1.22069192      -7.82088709       10.4931107       107996.906      -1271400.25      -997197.438     -0.325803906      -3.47043271E-03
  0.622009337      -7.25605202       9.37102795      -94706.9766      -1224951.62      -1152478.12       2.27778591E-02   7.33791813E-02
 -0.962497771      -7.78432935E-02 -0.119739614       2.14032698      -3.79187129E-02  0.134736404       15.3035345       1.04729450    
 
  -3.33881690E-06   8.09587050E-07  -3.19121705E-06 -0.566436648     -0.168458670     -0.325799197      -2.11842035E-07  -3.00010953E-07
  -4.16400468E-07   1.74965396E-06  -2.93242488E-06 -0.295054764      0.280108064       2.27778591E-02  -4.55251019E-08  -2.07774121E-07
  -7.01828289      0.537287354      -8.82519558E-02 -0.919767857       1.60140598       15.3033285      -3.65330195     -0.443928421    
 
  -2.01058947E-06   3.99387727E-06  -3.78327240E-06 -0.954951465      0.972258627      -3.45069612E-03  -3.00013255E-07  -7.45520595E-07
  -2.78284517E-07   3.74256774E-06  -4.45579235E-06 -0.624704301       1.13425183       7.33791813E-02  -2.07774121E-07  -6.45296495E-07
  -6.22494173      -6.71490282E-02  0.150931686     -0.528645575      0.142819449       1.04702556     -0.443939447     -0.155314848    
 
 PAGE           3
   4.83294843E-06  -1.98094222E-05   4.90026541E-05 -0.334700942      -3.06600785      0.332103103      -1.20541358E-06   1.84939927E-06
   8.58819476E-06  -2.02652282E-05   4.91370156E-05  0.522465408      -3.52239442     -0.117699541       1.27518391E-07   1.80259553E-06
  0.437256753       2.24920344E-02   2.73444084E-03   1.64061832      0.129567161       3.82161760       10.4528608      -2.59646289E-02
 
  -1.98091584E-05   1.58011517E-05  -5.46860028E-05  -3.46375513       2.33289075      -5.46512699      -7.36322249E-07  -5.40650899E-06
  -2.02652282E-05   1.52795947E-05  -5.55847728E-05  -3.71319675       2.80645466      -5.12507582       4.41994700E-07  -3.53536825E-06
   2.25050543E-02  -3.41341645E-02   1.61693543E-02   6.71770722E-02  0.168741003      -6.63504601E-02   2.66590738     -0.529263318    
 
   4.90024613E-05  -5.46862138E-05   1.27252133E-04   10.7300434      -7.32346487       5.20275164       8.11774271E-07   1.24972139E-05
   4.91370156E-05  -5.55847728E-05   1.26822881E-04   11.7471495      -7.80735874       4.52536917       4.17144690E-07   8.85927602E-06
   2.73830816E-03   1.61655601E-02  -3.38467187E-03   8.65832195E-02   6.19792044E-02 -0.149685502     -0.946025610     -0.410636008    
 
 -0.334036052      -3.46467972       10.7312489      -722435.375      -915411.438      -327797.562     -0.109513603       1.11038554E-02
  0.522465408      -3.71319675       11.7471495      -498999.250      -1227445.25      -433969.469      -3.13159451E-02   7.72855356E-02
   1.63934577       6.69280440E-02   8.64806399E-02 -0.447768420      0.254214048      0.244652897      -2.49705577      0.856326878    
 
  -3.06648827       2.33360863      -7.32437086      -915299.000       711244.188      -356647.094     -0.575231493      -1.76186395    
  -3.52239442       2.80645466      -7.80735874      -1227445.25       662776.062      -432657.688     -0.135304376     -0.994227052    
  0.129430801      0.168485254       6.18631244E-02  0.254305691      -7.31289834E-02  0.175682992      -3.25138855     -0.772094190    
 
  0.331504256      -5.46438789       5.20173454      -328048.000      -356362.906      -879578.625     -0.371295244       1.80690724E-03
 -0.117699541      -5.12507582       4.52536917      -433969.469      -432657.688      -1051072.00     -0.153670713     -0.225564927    
   3.81652951      -6.62061945E-02 -0.149460763      0.244075820      0.176339820      0.163160414      -1.41617441       1.00801063    
 
  -1.20538073E-06  -7.36376876E-07   8.11840152E-07 -0.109529175     -0.575226486     -0.371268570      -7.48625482E-08  -1.22048203E-08
   1.27518391E-07   4.41994700E-07   4.17144690E-07  -3.13159451E-02 -0.135304376     -0.153670713       1.31537670E-08  -3.00802370E-08
   10.4526033       2.66603088     -0.946183622      -2.49755311      -3.25135159      -1.41600072       6.69133902      0.594257832    
 
   1.84935107E-06  -5.40650399E-06   1.24971712E-05   1.09520573E-02  -1.76174521       1.92735717E-03  -1.22140955E-08   1.15413411E-06
   1.80259553E-06  -3.53536825E-06   8.85927602E-06   7.72855356E-02 -0.994227052     -0.225564927      -3.00802370E-08   4.65390912E-07
  -2.59378608E-02 -0.529261887     -0.410631269      0.858290970     -0.771974683       1.00854456      0.593949497      -1.47992408    
 
 PAGE           4
  -1.06919812E-11  -1.97570120E-11   6.42170761E-11   2.46688273E-07  -5.73051057E-06   1.00914554E-06  -5.64232417E-13   2.64700111E-12
  -1.61963880E-11  -2.20449110E-11   6.80634091E-11   9.31580701E-07  -8.12537382E-06  -7.30569298E-07  -4.52894124E-13  -7.80328926E-13
  -5.50440769E-12  -2.28789947E-12   3.84632864E-12  0.735193908      0.294738799       2.38131380       1.11338314E-13  -3.42733003E-12
 
  -1.97570155E-11   6.61629987E-11  -1.93842761E-10  -2.80683144E-05   7.72534349E-06  -5.09300799E-06  -3.89430805E-12  -1.40929837E-11
  -2.20449110E-11   7.27328475E-11  -2.06016759E-10  -2.97874303E-05   9.95650407E-06  -4.41845668E-06  -1.64831148E-12  -1.10292591E-11
  -2.28789600E-12   6.56984276E-12   5.90922534E-02   5.77127784E-02  0.224090770     -0.152666718       2.24599636E-12   3.06372462E-12
 
   6.42170761E-11  -1.93842747E-10   4.42570758E-10   5.63817775E-05  -2.40542904E-05   5.14463920E-07   7.95431169E-12   3.28456602E-11
   6.80634091E-11  -2.06016759E-10   4.47958448E-10   6.10937204E-05  -2.39585988E-05   2.26318889E-06   4.32724386E-12   2.71038920E-11
   3.84633081E-12   5.90923056E-02   1.20271901E-02   7.71264732E-02  -3.99401784E-03  0.772681832      -3.62706761E-12  -5.74176774E-12
 
   2.46808241E-07  -2.80684708E-05   5.63819922E-05  -2.94592810      -7.24224615      -2.50051451       2.72202965E-06   6.69376459E-06
   9.31580701E-07  -2.97874303E-05   6.10937204E-05  -1.69628191      -7.92656422      -2.88796425      -1.56361736E-07   4.08851611E-06
  0.735065103       5.77075630E-02   7.71229789E-02 -0.736697257       8.63322467E-02  0.134160161       18.4085407     -0.637211204    
 
  -5.73061106E-06   7.72547810E-06  -2.40544723E-05  -7.24223185       2.32527041     -0.475208610       3.96760242E-07  -1.13178919E-06
  -8.12537382E-06   9.95650407E-06  -2.39585988E-05  -7.92656422       2.24129677      -1.03064871      -7.99668726E-07  -1.78130335E-06
  0.294726431      0.224077284      -4.00161697E-03   8.63340646E-02  -3.74664776E-02  0.538922846       1.49615574      0.364628643    
 
   1.00905447E-06  -5.09288702E-06   5.14302485E-07  -2.50055671     -0.475159943      -2.00983405       4.15816032E-07   6.87157637E-08
  -7.30569298E-07  -4.41845668E-06   2.26318889E-06  -2.88796425      -1.03064871      -2.47713542      -4.75090758E-07  -5.19600576E-07
   2.38118935     -0.152639315      0.772753179      0.134145543      0.538970053      0.188645914       1.87523496       1.13224733    
 
  -5.64226075E-13  -3.89431673E-12   7.95432296E-12   2.72202669E-06   3.96761067E-07   4.15820438E-07   1.20318284E-12   1.57922395E-12
  -4.52894124E-13  -1.64831148E-12   4.32724386E-12  -1.56361736E-07  -7.99668726E-07  -4.75090758E-07   1.64335098E-14   3.02915489E-13
   1.11331930E-13   2.24600525E-12  -3.62707889E-12   18.4085217       1.49615681       1.87524426      -1.18674927E-12  -1.27630849E-12
 
   2.64700284E-12  -1.40929863E-11   3.28456637E-11   6.69374003E-06  -1.13176782E-06   6.87359218E-08   1.57922243E-12   2.34729684E-12
  -7.80328926E-13  -1.10292591E-11   2.71038920E-11   4.08851611E-06  -1.78130335E-06  -5.19600576E-07   3.02915489E-13   1.07462932E-12
  -3.42733177E-12   3.06372701E-12  -5.74177208E-12 -0.637205184      0.364640623       1.13228607      -1.27630697E-12  -1.27266741E-12
 
 PAGE           5
   1.55713886E-10  -1.09241872E-10   1.29351710E-10   4.22191370E-05   3.11022336E-06   5.61174011E-06   5.85048242E-12   2.18977158E-12
   1.58313154E-10  -9.86035351E-11   1.35339226E-10   3.91069916E-05   1.81660516E-06   4.46940157E-06   5.82858794E-13   7.64278311E-12
   1.64185558E-02   1.06383331E-11   4.42407615E-02  -7.95803368E-02 -0.712107539     -0.255590886      -5.26762401E-12   5.45301131E-12
 
  -1.09242032E-10   9.86255522E-11   8.55901114E-11  -3.58627804E-05  -2.45260271E-05  -1.69964405E-05  -3.87966569E-12  -1.31445885E-12
  -9.86035351E-11   8.68666250E-11   8.64964697E-11  -3.20190411E-05  -2.33162609E-05  -1.48412901E-05   9.66252902E-13  -2.69638934E-12
   1.06384970E-11  -1.17589254E-11   9.06364122E-13 -0.120045468      -5.18850237E-02 -0.145213172       4.84591881E-12  -1.38193049E-12
 
   1.29351904E-10   8.55901322E-11  -2.85524215E-10   5.08563935E-05   5.92717661E-05   4.05657302E-05   7.65449770E-12  -1.16993889E-11
   1.35339226E-10   8.64964697E-11  -2.74327477E-10   5.37204651E-05   5.65178816E-05   3.87198052E-05  -1.03847150E-12  -1.49348242E-11
   4.42393795E-02   9.06337885E-13  -4.08153012E-02   5.33143282E-02  -4.87259105E-02  -4.76739258E-02  -8.69296909E-12  -3.23543449E-12
 
   4.22188532E-05  -3.58623729E-05   5.08558442E-05   18.0695553       1.99363446       1.84581590       2.43444538E-06   3.45313850E-07
   3.91069916E-05  -3.20190411E-05   5.37204651E-05   16.4537029       1.01524365      0.817015588       5.70931945E-07   8.82488621E-07
  -7.95730352E-02 -0.120032758       5.33246063E-02  -9.82060507E-02 -0.963700473      -1.25921750      -3.26398492      0.608704448    
 
   3.11040503E-06  -2.45263127E-05   5.92721481E-05   1.99357641     -0.250348151     -0.627197385      -2.05937863E-06   1.77800598E-06
   1.81660516E-06  -2.33162609E-05   5.65178816E-05   1.01524365      0.302367300     -0.648835421      -2.99146649E-07   2.70639248E-06
 -0.712207556      -5.18973283E-02  -4.87326682E-02 -0.963643372       1.82796037       3.33490744E-02  -5.88417768      0.343034685    
 
   5.61200113E-06  -1.69967498E-05   4.05661522E-05   1.84592116     -0.627314687       5.03818989      -1.44888520E-06   1.20213554E-06
   4.46940157E-06  -1.48412901E-05   3.87198052E-05  0.817015588     -0.648835421       4.67718029      -2.12744425E-07   2.80256586E-06
 -0.255649328     -0.145234063      -4.76848260E-02  -1.25934625       3.31682824E-02  -7.71852508E-02  -5.81044960      0.571058929    
 
   5.85047375E-12  -3.87964877E-12   7.65447948E-12   2.43445356E-06  -2.05938272E-06  -1.44889611E-06   7.43206332E-13  -3.07244871E-13
   5.82858794E-13   9.66252902E-13  -1.03847150E-12   5.70931945E-07  -2.99146649E-07  -2.12744425E-07   8.11451126E-14  -2.27720295E-13
  -5.26761534E-12   4.84590146E-12  -8.69295087E-12  -3.26399922      -5.88419151      -5.81050110      -6.62061226E-13   7.95245827E-14
 
   2.18980303E-12  -1.31446460E-12  -1.16993767E-11   3.45381352E-07   1.77795755E-06   1.20208551E-06  -3.07241916E-13  -4.97349557E-13
   7.64278311E-12  -2.69638934E-12  -1.49348242E-11   8.82488621E-07   2.70639248E-06   2.80256586E-06  -2.27720295E-13   6.74817515E-13
   5.45297965E-12  -1.38192474E-12  -3.23544663E-12  0.608627975      0.343052566      0.571076810       7.95216350E-14   1.17216707E-12
 
 PAGE           6
  -2.46279136E-10   6.41190963E-12   8.16408399E-11  -9.14922784E-05  -1.36165645E-05  -1.28277889E-05  -1.55406556E-11  -5.57130167E-12
  -2.30605049E-10   3.48324261E-13   8.69222541E-11  -8.69080395E-05  -1.79835588E-05  -1.58500061E-05  -5.03372734E-12  -6.61388999E-12
  -6.79693893E-02  -6.06358540E-12   5.28141029E-12  -5.27481697E-02  0.242832586      0.190676108       1.05069287E-11  -1.04258832E-12
 
   6.41350731E-12  -8.20482571E-11  -1.93053157E-10   3.80724086E-05  -1.08374788E-05  -1.67278085E-05   5.10080389E-12  -4.62103576E-12
   3.48324261E-13  -8.16156795E-11  -2.07433862E-10   3.65375527E-05  -6.01809552E-06  -1.42443587E-05   9.26428986E-12   4.49685558E-12
  -6.06518308E-12   4.32579889E-13   6.93266913E-02  -4.20076884E-02 -0.800815463     -0.174346223       4.16348596E-12   9.11789134E-12
 
   8.16396881E-11  -1.93054434E-10   1.92794614E-10  -4.75381239E-05   3.78701661E-05   2.18596069E-05  -6.06868418E-12   2.11326668E-11
   8.69222541E-11  -2.07433862E-10   2.04954734E-10  -3.83877014E-05   3.46729685E-05   1.90284936E-05  -1.38433431E-11  -4.87946749E-12
   5.28256388E-12   6.93205446E-02   5.93307801E-02 -0.238368586      -9.22100544E-02 -0.148782805      -7.77465852E-12  -2.60121334E-11
 
  -9.14883494E-05   3.80669335E-05  -4.75309971E-05  -48.6214790      -4.21018028      -6.75612593      -3.59762998E-06  -4.85713190E-06
  -8.69080395E-05   3.65375527E-05  -3.83877014E-05  -47.3062134      -6.87217999      -7.71473026      -3.52455845E-06  -4.68052849E-06
  -5.27029447E-02  -4.18578573E-02 -0.238182917      -2.78032497E-02  0.387358844      0.124256320      -2.07321029E-02  -3.77315171E-02
 
  -1.36193985E-05  -1.08332306E-05   3.78648110E-05  -4.20951414      -22.1385174      -9.55321693      -8.77817172E-07  -3.09055349E-06
  -1.79835588E-05  -6.01809552E-06   3.46729685E-05  -6.87217999      -22.8060379      -10.4145517       1.87306136E-06   2.11264955E-06
  0.242674977     -0.800109565      -9.20555890E-02  0.387455732       2.92694233E-02   8.27049240E-02   1.46865368       2.46288037    
 
  -1.28313377E-05  -1.67234357E-05   2.18535897E-05  -6.75760698      -9.55153656      -15.9036407      -1.77307732E-06  -1.86658099E-06
  -1.58500061E-05  -1.42443587E-05   1.90284936E-05  -7.71473026      -10.4145517      -17.0504799      -2.66189232E-07  -2.66224197E-06
  0.190452233     -0.174039215     -0.148466572      0.124064334       8.28663260E-02   6.72613606E-02  -5.66096592      0.298868775    
 
  -1.55404630E-11   5.10048297E-12  -6.06829734E-12  -3.59772253E-06  -8.77787215E-07  -1.77291975E-06  -4.22384811E-13  -5.24972589E-13
  -5.03372734E-12   9.26428986E-12  -1.38433431E-11  -3.52455845E-06   1.87306136E-06  -2.66189232E-07  -4.59376081E-13  -1.12325004E-12
   1.05067361E-11   4.16380732E-12  -7.77504536E-12  -2.07583532E-02   1.46863770      -5.66037369      -3.69912874E-14  -5.98277396E-13
 
  -5.57159006E-12  -4.62101104E-12   2.11324205E-11  -4.85802866E-06  -3.08985182E-06  -1.86586806E-06  -5.25027179E-13  -2.10706954E-13
  -6.61388999E-12   4.49685558E-12  -4.87946749E-12  -4.68052849E-06   2.11264955E-06  -2.66224197E-06  -1.12325004E-12  -4.73935518E-12
  -1.04230014E-12   9.11786705E-12  -2.60118888E-11  -3.79231498E-02   2.46254826      0.299136579      -5.98222806E-13  -4.52864829E-12
 
 PAGE           7
   0.00000000       0.00000000       0.00000000       0.00000000       0.00000000       0.00000000       0.00000000       0.00000000    
   0.00000000       0.00000000       0.00000000       0.00000000       0.00000000       0.00000000       0.00000000       0.00000000    
   0.00000000       0.00000000       0.00000000       0.00000000       0.00000000       0.00000000       0.00000000       0.00000000    
 
   0.00000000       0.00000000       0.00000000       0.00000000       0.00000000       0.00000000       0.00000000       0.00000000    
   0.00000000       0.00000000       0.00000000       0.00000000       0.00000000       0.00000000       0.00000000       0.00000000    
   0.00000000       0.00000000       0.00000000       0.00000000       0.00000000       0.00000000       0.00000000       0.00000000    
 
   0.00000000       0.00000000       0.00000000       0.00000000       0.00000000       0.00000000       0.00000000       0.00000000    
   0.00000000       0.00000000       0.00000000       0.00000000       0.00000000       0.00000000       0.00000000       0.00000000    
   0.00000000       0.00000000       0.00000000       0.00000000       0.00000000       0.00000000       0.00000000       0.00000000    
 
   0.00000000       0.00000000       0.00000000       0.00000000       0.00000000       0.00000000       0.00000000       0.00000000    
   0.00000000       0.00000000       0.00000000       0.00000000       0.00000000       0.00000000       0.00000000       0.00000000    
   0.00000000       0.00000000       0.00000000       0.00000000       0.00000000       0.00000000       0.00000000       0.00000000    
 
   0.00000000       0.00000000       0.00000000       0.00000000       0.00000000       0.00000000       0.00000000       0.00000000    
   0.00000000       0.00000000       0.00000000       0.00000000       0.00000000       0.00000000       0.00000000       0.00000000    
   0.00000000       0.00000000       0.00000000       0.00000000       0.00000000       0.00000000       0.00000000       0.00000000    
 
   0.00000000       0.00000000       0.00000000       0.00000000       0.00000000       0.00000000       0.00000000       0.00000000    
   0.00000000       0.00000000       0.00000000       0.00000000       0.00000000       0.00000000       0.00000000       0.00000000    
   0.00000000       0.00000000       0.00000000       0.00000000       0.00000000       0.00000000       0.00000000       0.00000000    
 
   0.00000000       0.00000000       0.00000000       0.00000000       0.00000000       0.00000000       0.00000000       0.00000000    
   0.00000000       0.00000000       0.00000000       0.00000000       0.00000000       0.00000000       0.00000000       0.00000000    
   0.00000000       0.00000000       0.00000000       0.00000000       0.00000000       0.00000000       0.00000000       0.00000000    
 
   1.85256119E-34  -1.54762223E-34   1.53386561E-34   6.90124916E-32  -6.83246570E-32  -2.94850706E-31   3.85185979E-39   3.30617988E-38
   0.00000000       0.00000000       0.00000000       0.00000000       0.00000000       0.00000000       0.00000000       0.00000000    
  -1.85256119E-34   1.54762223E-34  -1.53386561E-34  -6.90124916E-32   6.83246570E-32   2.94850706E-31  -3.85185979E-39  -3.30617988E-38
 
 PAGE           8
   0.00000000       0.00000000       0.00000000       0.00000000       0.00000000       0.00000000       0.00000000       0.00000000    
   0.00000000       0.00000000       0.00000000       0.00000000       0.00000000       0.00000000       0.00000000       0.00000000    
   0.00000000       0.00000000       0.00000000       0.00000000       0.00000000       0.00000000       0.00000000       0.00000000    
 
   0.00000000       0.00000000       0.00000000       0.00000000       0.00000000       0.00000000       0.00000000       0.00000000    
   0.00000000       0.00000000       0.00000000       0.00000000       0.00000000       0.00000000       0.00000000       0.00000000    
   0.00000000       0.00000000       0.00000000       0.00000000       0.00000000       0.00000000       0.00000000       0.00000000    
 
   0.00000000       0.00000000       0.00000000       0.00000000       0.00000000       0.00000000       0.00000000       0.00000000    
   0.00000000       0.00000000       0.00000000       0.00000000       0.00000000       0.00000000       0.00000000       0.00000000    
   0.00000000       0.00000000       0.00000000       0.00000000       0.00000000       0.00000000       0.00000000       0.00000000    
 
   0.00000000       0.00000000       0.00000000       0.00000000       0.00000000       0.00000000       0.00000000       0.00000000    
   0.00000000       0.00000000       0.00000000       0.00000000       0.00000000       0.00000000       0.00000000       0.00000000    
   0.00000000       0.00000000       0.00000000       0.00000000       0.00000000       0.00000000       0.00000000       0.00000000    
 
   0.00000000       0.00000000       0.00000000       0.00000000       0.00000000       0.00000000       0.00000000       0.00000000    
   0.00000000       0.00000000       0.00000000       0.00000000       0.00000000       0.00000000       0.00000000       0.00000000    
   0.00000000       0.00000000       0.00000000       0.00000000       0.00000000       0.00000000       0.00000000       0.00000000    
 
   0.00000000       0.00000000       0.00000000       0.00000000       0.00000000       0.00000000       0.00000000       0.00000000    
   0.00000000       0.00000000       0.00000000       0.00000000       0.00000000       0.00000000       0.00000000       0.00000000    
   0.00000000       0.00000000       0.00000000       0.00000000       0.00000000       0.00000000       0.00000000       0.00000000    
 
   0.00000000       0.00000000       0.00000000       0.00000000       0.00000000       0.00000000       0.00000000       0.00000000    
   0.00000000       0.00000000       0.00000000       0.00000000       0.00000000       0.00000000       0.00000000       0.00000000    
   0.00000000       0.00000000       0.00000000       0.00000000       0.00000000       0.00000000       0.00000000       0.00000000    
 
   0.00000000       0.00000000       0.00000000       0.00000000       0.00000000       0.00000000       0.00000000       0.00000000    
   0.00000000       0.00000000       0.00000000       0.00000000       0.00000000       0.00000000       0.00000000       0.00000000    
   0.00000000       0.00000000       0.00000000       0.00000000       0.00000000       0.00000000       0.00000000       0.00000000    
 
