  -56881.991958255232     
  -56774.414113616527     
  -56665.636544374676     
  -56555.658867884893     
  -56444.480672061800     
  -56332.101514991526     
  -56218.520924727833     
  -56103.738398953326     
  -55987.753404630930     
  -55870.565377767482     
  -55752.173723051004     
  -55632.577813477517     
  -55511.776990107610     
  -55389.770561608100     
  -55266.557803993259     
  -55142.137960218795     
  -55016.510239764692     
  -54889.673818353949     
  -54761.627837445121     
  -54632.371403934005     
  -54501.903589699628     
  -54370.223431138969     
  -54237.329928842912     
  -54103.222047034797     
  -53967.898713227471     
  -53831.358817717068     
  -53693.601213063375     
  -53554.624713701764     
  -53414.428095402538     
  -53273.010094716185     
  -53130.369408570077     
  -52986.504693608716     
  -52841.414565766572     
  -52695.097599663306     
  -52547.552327986188     
  -52398.777241027368     
  -52248.770785952947     
  -52097.531366314295     
  -51945.057341373969     
  -51791.347025414296     
  -51636.398687208028     
  -51480.210549207855     
  -51322.780786987263     
  -51164.107528487366     
  -51004.188853243511     
  -50843.022791759773     
  -50680.607324703393     
  -50516.940382077169     
  -50352.019842562499     
  -50185.843532559993     
  -50018.409225494710     
  -49849.714640911574     
  -49679.757443547525     
  -49508.535242578495     
  -49336.045590550821     
  -49162.285982585730     
  -48987.253855361247     
  -48810.946586070058     
  -48633.361491555632     
  -48454.495827118015     
  -48274.346785599962     
  -48092.911496241897     
  -47910.187023506485     
  -47726.170366064282     
  -47540.858455562266     
  -47354.248155360001     
  -47166.336259450560     
  -46977.119491023943     
  -46786.594501323067     
  -46594.757868250694     
  -46401.606094937641     
  -46207.135608497905     
  -46011.342758411854     
  -45814.223815206278     
  -45615.774968871105     
  -45415.992327232561     
  -45214.871914491821     
  -45012.409669514665     
  -44808.601444068787     
  -44603.443001253778     
  -44396.930013529069     
  -44189.058061046198     
  -43979.822629693168     
  -43769.219109082362     
  -43557.242790726006     
  -43343.888865790526     
  -43129.152423158288     
  -42913.028447185527     
  -42695.511815390702     
  -42476.597296328880     
  -42256.279547024373     
  -42034.553110709581     
  -41811.412414239254     
  -41586.851765425781     
  -41360.865350528831     
  -41133.447231432896     
  -40904.591342738786     
  -40674.291489033232     
  -40442.541341666300     
  -40209.334435835925     
  -39974.664167310497     
  -39738.523789046500     
  -39500.906407972892     
  -39261.804981256828     
  -39021.212312865879     
  -38779.121049739682     
  -38535.523677837700     
  -38290.412518337318     
  -38043.779723274340     
  -37795.617271474701     
  -37545.916964057273     
  -37294.670419783812     
  -37041.869070512097     
  -36787.504156227551     
  -36531.566719903305     
  -36274.047602481660     
  -36014.937437222790     
  -35754.226644305934     
  -35491.905424938064     
  -35227.963755248122     
  -34962.391380266396     
  -34695.177807218017     
  -34426.312299037316     
  -34155.783867330458     
  -33883.581265073910     
  -33609.692979346022     
  -33334.107223313389     
  -33056.811928388197     
  -32777.794735758383     
  -32497.042987586250     
  -32214.543718157238     
  -31930.283644385479     
  -31644.249155936883     
  -31356.426305283821     
  -31066.800796860472     
  -30775.357976279247     
  -30482.082818760282     
  -30186.959917079697     
  -29889.973469361106     
  -29591.107265833707     
  -29290.344675538654     
  -28987.668632124347     
  -28683.061619024575     
  -28376.505654309207     
  -28067.982274544829     
  -27757.472517945298     
  -27444.956907134045     
  -27130.415430572801     
  -26813.827523711214     
  -26495.172048900993     
  -26174.427274384685     
  -25851.570852687084     
  -25526.579797437138     
  -25199.430459662664     
  -24870.098502586490     
  -24538.558875224258     
  -24204.785785104243     
  -23868.752669088328     
  -23530.432163376827     
  -23189.796071651908     
  -22846.815331672518     
  -22501.459980594238     
  -22153.699118221695     
  -21803.500868455842     
  -21450.832339254895     
  -21095.659580005697     
  -20737.947537427688     
  -20377.660008902625     
  -20014.759593533578     
  -19649.207641267545     
  -19280.964198952610     
  -18909.987954499167     
  -18536.236178038111     
  -18159.664660418002     
  -17780.227649465993     
  -17397.877782908876     
  -17012.566019294081     
  -16624.241565901404     
  -16232.851804200081     
  -15838.342213521864     
  -15440.656292433865     
  -15039.735478705801     
  -14635.519068940213     
  -14227.944137637707     
  -13816.945458199274     
  -13402.455426250286     
  -12984.403987770647     
  -12562.718575152721     
  -12137.324053457671     
  -11708.142682734564     
  -11275.094101174611     
  -10838.095337156137     
  -10397.060860588846     
  -9951.9026858776215     
  -9502.5305440729753     
  -9048.8521473623550     
  -8590.7735748394061     
  -8128.1998210037264     
  -7661.0355593487493     
  -7189.1861939686523     
  -6712.5592977577880     
  -6231.0665706319232     
  -5744.6265049630574     
  -5253.1680164019936     
  -4756.6354061793900     
  -4254.9951776521857     
  -3748.2454603556048     
  -3236.4291509375980     
  -2719.6524195169877     
  -2198.1110850661212     
  -1672.1287283859606     
  -1142.2126486676300     
  -609.13753206814306     
  -74.073189948760060     
   461.21575239631215     
   994.04923237828064     
   1520.3013756138544     
   2033.4942037795818     
   2523.1963939155316     
   2972.1100012997990     
   3350.7104403393619     
   3607.8622252604496     
   3658.3816276518041     
   3386.1398815317316     
   2714.6592931663922     
   1713.6245512856708     
   547.87930309121759     
  -656.42246893809659     
  -1839.2825635167017     
  -2978.9231435112779     
  -4070.0476451796226     
  -5113.7055577735000     
  -6113.1308577044201     
  -7072.0926279830819     
  -7994.2626354457934     
  -8882.9951537924626     
  -9741.2737053643723     
  -10571.723345955847     
  -11376.646025748270     
  -12158.061317159729     
  -12917.745412264374     
  -13657.265883519538     
  -14378.011665709191     
  -15081.218508344951     
  -15767.990432050467     
  -16439.317774224106     
  -17096.092372545769     
  -17739.120368219945     
  -18369.133034504466     
  -18986.795967404789     
  -19592.716918317125     
  -20187.452494358211     
  -20771.513914907802     
  -21345.371976666393     
  -21909.461352335486     
  -22464.184328141346     
  -23009.914063816526     
  -23546.997447654951     
  -24075.757605062026     
  -24596.496109412830     
  -25109.494937758998     
  -25615.018205637320     
  -26113.313709884467     
  -26604.614305883384     
  -27089.139138754992     
  -27567.094748100466     
  -28038.676061246984     
  -28504.067287846025     
  -28963.442728708866     
  -29416.967507229212     
  -29864.798233394424     
  -30307.083607360339     
  -30743.964968655506     
  -31175.576798037757     
  -31602.047175511649     
  -32023.498200201415     
  -32440.046375462454     
  -32851.802962260655     
  -33258.874304733195     
  -33661.362130194801     
  -34059.363825542860     
  -34452.972693359261     
  -34842.278188239608     
  -35227.366136204299     
  -35608.318938277618     
  -35985.215759143059     
  -36358.132703247953     
  -36727.142978124233     
  -37092.317047060249     
  -37453.722771540371     
  -37811.425543907339     
  -38165.488412000101     
  -38515.972195233262     
  -38862.935593725648     
  -39206.435290649810     
  -39546.526047943837     
  -39883.260796564384     
  -40216.690721374413     
  -40546.865340611366     
  -40873.832581317547     
  -41197.638849871350     
  -41518.329098874296     
  -41835.946890315645     
  -42150.534454860775     
  -42462.132748436707     
  -42770.781505242732     
  -43076.519288271098     
  -43379.383537161637     
  -43679.410613242864     
  -43976.635842732489     
  -44271.093557244007     
  -44562.817132595177     
  -44851.839025673420     
  -45138.190809183172     
  -45421.903205013979     
  -45703.006115993310     
  -45981.528655782568     
  -46257.499177866579     
  -46530.945302707289     
  -46801.893943948206     
  -47070.371333418501     
  -47336.403044714243     
  -47600.014016172696     
  -47861.228572349632     
  -48120.070444881378     
  -48376.562792428223     
  -48630.728219489443     
  -48882.588794672738     
  -49132.166068194907     
  -49379.481088378896     
  -49624.554417863699     
  -49867.406148729402     
  -50108.055917297206     
  -50346.522918324350     
  -50582.825918353235     
  -50816.983268933262     
  -51049.012918920387     
  -51278.932426573752     
  -51506.758971183976     
  -51732.509363957506     
  -51956.200058915929     
  -52177.847162980630     
  -52397.466445938830     
  -52615.073350033294     
  -52830.682998971635     
  -53044.310206831709     
  -53255.969486648821     
  -53465.675058458306     
  -53673.440857377042     
  -53879.280541068758     
  -54083.207497177915     
  -54285.234850502246     
  -54485.375469683044     
  -54683.641974007791     
  -54880.046739636462     
  -55074.601905845477     
  -55267.319381064401     
  -55458.210848496034     
  -55647.287771850701     
  -55834.561400582585     
  -56020.042775174137     
  -56203.742732241517     
  -56385.671909286037     
  -56565.840749480099     
  -56744.259506297349     
  -56920.938247790909     
  -57095.886861044120     
  -57269.115056182010     
  -57440.632370464096     
  -57610.448172224074     
  -57778.571664508214     
  -57945.011888899469     
  -58109.777728928610     
  -58272.877913576442     
  -58434.321020667259     
  -58594.115479992506     
  -58752.269576508239     
  -58908.791453436766     
  -59063.689115098772     
  -59216.970429933834     
  -59368.643133170190     
  -59518.714829571545     
  -59667.192996119637     
  -59814.084984452733     
  -59959.398023481852     
  -60103.139221683166     
  -60245.315569492072     
  -60385.933941627241     
  -60525.001099187510     
  -60662.523691931805     
  -60798.508260257098     
  -60932.961237282070     
  -61065.888950873719     
  -61197.297625482432     
  -61327.193384043887     
  -61455.582249850268     
  -61582.470148218228     
  -61707.862908329102     
  -61831.766264803227     
  -61954.185859376485     
  -62075.127242529634     
  -62194.595874934901     
  -62312.597129071968     
  -62429.136290595801     
  -62544.218559805835     
  -62657.849053075915     
  -62770.032804117785     
  -62880.774765405193     
  -62990.079809350842     
  -63097.952729608958     
  -63204.398242326693     
  -63309.420987255653     
  -63413.025528946346     
  -63515.216357909376     
  -63615.997891628889     
  -63715.374475725584     
  -63813.350384916033     
  -63909.929824063191     
  -64005.116929198608     
  -64098.915768409723     
  -64191.330342869354     
  -64282.364587677934     
  -64372.022372779742     
  -64460.307503866425     
  -64547.223723155737     
  -64632.774710297941     
  -64716.964083110957     
  -64799.795398396360     
  -64881.272152732410     
  -64961.397783162101     
  -65040.175667949152     
  -65117.609127312819     
  -65193.701424054983     
  -65268.455764304970     
  -65341.875298114333     
  -65413.963120124448     
  -65484.722270209080     
  -65554.155734023516     
  -65622.266443663262     
  -65689.057278182125     
  -65754.531064178227     
  -65818.690576362700     
  -65881.538538046385     
  -65943.077621681179     
  -66003.310449385113     
  -66062.239593383856     
  -66119.867576544493     
  -66176.196872792920     
  -66231.229907588160     
  -66284.969058382208     
  -66337.416655005843     
  -66388.574980136793     
  -66438.446269655629     
  -66487.032713062144     
  -66534.336453876371     
  -66580.359589970598     
  -66625.104173975342     
  -66668.572213593157     
  -66710.765671956484     
  -66751.686467972380     
  -66791.336476614320     
  -66829.717529248592     
  -66866.831413948617     
  -66902.679875756701     
  -66937.264617001623     
  -66970.587297543840     
  -67002.649535054356     
  -67033.452905282786     
  -67062.998942281120     
  -67091.289138667897     
  -67118.324945831424     
  -67144.107774170785     
  -67168.638993315573     
  -67191.919932312318     
  -67213.951879846180     
  -67234.736084412725     
  -67254.273754509777     
  -67272.566058819037     
  -67289.614126360393     
  -67305.419046659721     
  -67319.981869906871     
  -67333.303607089110     
  -67345.385230143496     
  -67356.227672077599     
  -67365.831827099944     
  -67374.198550741086     
  -67381.328659958162     
  -67387.222933243334     
  -67391.882110710969     
  -67395.306894198118     
  -67397.497947346055     
  -67398.455895674866     
  -67398.181326655875     
  -67396.674789774159     
  -67393.936796586728     
  -67389.967820771461     
  -67384.768298173251     
  -67378.338626841360     
  -67370.679167057970     
  -67361.790241368872     
