  -15834.170368437288     
  -15829.905520761789     
  -15825.676856545710     
  -15821.483705602437     
  -15817.325366094603     
  -15813.201104429372     
  -15809.110155145088     
  -15805.051720796124     
  -15801.024971833034     
  -15797.029046478978     
  -15793.063050599576     
  -15789.126057572741     
  -15785.217108149654     
  -15781.335210313502     
  -15777.479339132955     
  -15773.648436611429     
  -15769.841411529429     
  -15766.057139286229     
  -15762.294461732248     
  -15758.552186998477     
  -15754.829089320670     
  -15751.123908856174     
  -15747.435351499416     
  -15743.762088687707     
  -15740.102757203462     
  -15736.455958970138     
  -15732.820260842784     
  -15729.194194390340     
  -15725.576255675760     
  -15721.964905025989     
  -15718.358566797075     
  -15714.755629132513     
  -15711.154443714922     
  -15707.553325509098     
  -15703.950552501301     
  -15700.344365427789     
  -15696.732967497346     
  -15693.114524106468     
  -15689.487162544272     
  -15685.848971693415     
  -15682.198001718622     
  -15678.532263748717     
  -15674.849729549207     
  -15671.148331186445     
  -15667.425960680312     
  -15663.680469651445     
  -15659.909668954502     
  -15656.111328303430     
  -15652.283175885870     
  -15648.422897967173     
  -15644.528138481573     
  -15640.596498615909     
  -15636.625536377665     
  -15632.612766153046     
  -15628.555658252671     
  -15624.451638442344     
  -15620.298087465069     
  -15616.092340545145     
  -15611.831686880469     
  -15607.513369120055     
  -15603.134582827168     
  -15598.692475924743     
  -15594.184148129825     
  -15589.606650366932     
  -15584.956984166967     
  -15580.232101048330     
  -15575.428901880583     
  -15570.544236226988     
  -15565.574901673221     
  -15560.517643130970     
  -15555.369152123856     
  -15550.126066051631     
  -15544.784967433161     
  -15539.342383123934     
  -15533.794783516030     
  -15528.138581708114     
  -15522.370132653363     
  -15516.485732281591     
  -15510.481616591278     
  -15504.353960720429     
  -15498.098877982186     
  -15491.712418873914     
  -15485.190570054801     
  -15478.529253292223     
  -15471.724324371302     
  -15464.771571977395     
  -15457.666716535658     
  -15450.405409017239     
  -15442.983229706419     
  -15435.395686928641     
  -15427.638215733119     
  -15419.706176540716     
  -15411.594853738963     
  -15403.299454234802     
  -15394.815105959255     
  -15386.136856317342     
  -15377.259670595160     
  -15368.178430303517     
  -15358.887931469802     
  -15349.382882870224     
  -15339.657904202024     
  -15329.707524186739     
  -15319.526178617803     
  -15309.108208328515     
  -15298.447857093290     
  -15287.539269452829     
  -15276.376488462238     
  -15264.953453351398     
  -15253.263997112317     
  -15241.301843985380     
  -15229.060606858804     
  -15216.533784571222     
  -15203.714759106020     
  -15190.596792693417     
  -15177.173024788099     
  -15163.436468937729     
  -15149.380009528863     
  -15134.996398407482     
  -15120.278251358706     
  -15105.218044463003     
  -15089.808110290798     
  -15074.040633951949     
  -15057.907648983200     
  -15041.401033069200     
  -15024.512503577755     
  -15007.233612927694     
  -14989.555743743887     
  -14971.470103816495     
  -14952.967720845165     
  -14934.039436946681     
  -14914.675902944573     
  -14894.867572387777     
  -14874.604695315100     
  -14853.877311739354     
  -14832.675244840315     
  -14810.988093836489     
  -14788.805226553381     
  -14766.115771623774     
  -14742.908610335120     
  -14719.172368089536     
  -14694.895405459201     
  -14670.065808797513     
  -14644.671380420534     
  -14618.699628278773     
  -14592.137755129846     
  -14564.972647168286     
  -14537.190862063908     
  -14508.778616417731     
  -14479.721772537838     
  -14450.005824538406     
  -14419.615883699973     
  -14388.536663049767     
  -14356.752461090337     
  -14324.247144672363     
  -14291.004130884232     
  -14257.006367944774     
  -14222.236315009508     
  -14186.675920822519     
  -14150.306601109198     
  -14113.109214680137     
  -14075.064038072996     
  -14036.150738686574     
  -13996.348346275585     
  -13955.635222661078     
  -13913.989029588263     
  -13871.386694499237     
  -13827.804374126514     
  -13783.217415707792     
  -13737.600315641179     
  -13690.926675342638     
  -13643.169154152205     
  -13594.299418938728     
  -13544.288090201730     
  -13493.104684337179     
  -13440.717551743086     
  -13387.093810360651     
  -13332.199274328292     
  -13275.998377181351     
  -13218.454089180688     
  -13159.527828184442     
  -13099.179363408637     
  -13037.366711480907     
  -12974.046023885259     
  -12909.171465028481     
  -12842.695079919604     
  -12774.566650386469     
  -12704.733538557564     
  -12633.140516337486     
  -12559.729579163035     
  -12484.439742378898     
  -12407.206818176053     
  -12327.963170817931     
  -12246.637447487119     
  -12163.154281890886     
  -12077.433967019304     
  -11989.392093234712     
  -11898.939147081863     
  -11805.980065559588     
  -11710.413739662810     
  -11612.132460204877     
  -11511.021297364465     
  -11406.957404305022     
  -11299.809233267804     
  -11189.435650413989     
  -11075.684933360453     
  -10958.393631807208     
  -10837.385268212627     
  -10712.468850476085     
  -10583.437162783232     
  -10450.064793289779     
  -10312.105848357029     
  -10169.291290840993     
  -10021.325825497379     
  -9867.8842351009844     
  -9708.6070461848012     
  -9543.0953707902754     
  -9370.9047283550954     
  -9191.5375945804517     
  -9004.4343486215184     
  -8808.9621863041248     
  -8604.4014252146480     
  -8389.9284308536426     
  -8164.5941148531901     
  -7927.2965611101490     
  -7676.7457622198999     
  -7411.4176070100611     
  -7129.4930045104138     
  -6828.7761308866420     
  -6506.5828726862201     
  -6159.5860343915692     
  -5783.5969017717180     
  -5373.2521721332587     
  -4921.5603847930061     
  -4419.2462391125418     
  -3853.8381372325225     
  -3208.5836408479181     
  -2462.0010773883423     
  -1591.7617848540576     
  -594.35501917056285     
   469.85122407939866     
   1470.4316616945714     
   2312.4716259178476     
   2990.0779809310775     
   3535.9143440740822     
   3983.0379822731866     
   4356.2562379866058     
   4673.0530667633120     
   4945.7499263285790     
   5183.1930678113495     
   5391.8828522567237     
   5576.7071471775116     
   5741.4203677696178     
   5888.9620037119976     
   6021.6730100063123     
   6141.4460541097242     
   6249.8320362002569     
   6348.1170897633747     
   6437.3792461640078     
   6518.5308209362356     
   6592.3505961771116     
   6659.5085907713765     
   6720.5853645740544     
   6776.0872356429963     
   6826.4584021435494     
   6872.0906922432896     
   6913.3314763090684     
   6950.4901409342528     
   6983.8434267765397     
   7013.6398610445049     
   7040.1034625596512     
   7063.4368579701213     
   7083.8239178901204     
   7101.4319989895812     
   7116.4138606926708     
   7128.9093115243877     
   7139.0466296308923     
   7146.9437936640688     
   7152.7095536405332     
   7156.4443661144414     
   7158.2412138174313     
   7158.1863264860613     
   7156.3598168551580     
   7152.8362435366362     
   7147.6851106540844     
   7140.9713125905309     
   7132.7555309332765     
   7123.0945896657158     
   7112.0417737760763     
   7099.6471157139295     
   7085.9576535348579     
   7071.0176640106865     
   7054.8688735837313     
   7037.5506496439893     
   7019.1001742986437     
   6999.5526025141917     
   6978.9412063196060     
   6957.2975064861021     
   6934.6513929949424     
   6911.0312354120761     
   6886.4639841740363     
   6860.9752636547100     
   6834.5894578401058     
   6807.3297892573919     
   6779.2183918221199     
   6750.2763781482390     
   6720.5239018029879     
   6689.9802150012474     
   6658.6637220774028     
   6626.5920291428019     
   6593.7819902350857     
   6560.2497502595070     
   6526.0107849650894     
   6491.0799382505284     
   6455.4714569438902     
   6419.1990233079878     
   6382.2757854287702     
   6344.7143856574885     
   6306.5269872303561     
   6267.7252992628410     
   6228.3206001602412     
   6188.3237596189720     
   6147.7452592975860     
   6106.5952122609860     
   6064.8833812577459     
   6022.6191959779990     
   5979.8117692754849     
   5936.4699124885929     
   5892.6021499006565     
   5848.2167323725034     
   5803.3216502722498     
   5757.9246456554656     
   5712.0332238126848     
   5665.6546641974965     
   5618.7960307839094     
   5571.4641818581385     
   5523.6657793550366     
   5475.4072976678262     
   5426.6950320364895     
   5377.5351065110335     
   5327.9334815250013     
   5277.8959610698848     
   5227.4281995733791     
   5176.5357083933277     
   5125.2238620273156     
   5073.4979040287044     
   5021.3629526170089     
   4968.8240060827511     
   4915.8859478882414     
   4862.5535515623351     
   4808.8314853679822     
   4754.7243167659462     
   4700.2365166502577     
   4645.3724634545260     
   4590.1364470207318     
   4534.5326723282151     
   4478.5652630561153     
   4422.2382649994606     
   4365.5556493095737     
   4308.5213156583486     
   4251.1390952101883     
   4193.4127535001471     
   4135.3459931938678     
   4076.9424567030096     
   4018.2057287567486     
   3959.1393388076262     
   3899.7467633715610     
   3840.0314282685849     
   3779.9967107815060     
   3719.6459416971529     
   3658.9824073324608     
   3598.0093514179475     
   3536.7299769402648     
   3475.1474479078383     
   3413.2648910560156     
   3351.0853974540623     
   3288.6120241182193     
   3225.8477954983609     
   3162.7957049420343     
   3099.4587161047252     
   3035.8397642738373     
   2971.9417577123163     
   2907.7675788857282     
   2843.3200856783510     
   2778.6021125587554     
   2713.6164717106394     
   2648.3659540879944     
   2582.8533305027117     
   2517.0813526042607     
   2451.0527538592623     
   2384.7702504898793     
   2318.2365423866395     
   2251.4543139534098     
   2184.4262349947367     
   2117.1549615014119     
   2049.6431364443101     
   1981.8933905414124     
   1913.9083429618793     
   1845.6906020790987     
   1777.2427661257993     
   1708.5674238629165     
   1639.6671552187968     
   1570.5445319144544     
   1501.2021180303714     
   1431.6424706288196     
   1361.8681402815278     
   1291.8816716164567     
   1221.6856038392004     
   1151.2824712447798     
   1080.6748036743923     
   1009.8651270329065     
   938.85596371407701     
   867.64983304915438     
   796.24925174120096     
   724.65673424645797     
   652.87479322016941     
   580.90593987151180     
   508.75268434487151     
   436.41753608120877     
   363.90300417557711     
   291.21159768373184     
   218.34582599693914     
   145.30819912702219     
   72.101228020760459     
  -1.2725751435711541     
  -74.810696661186043     
  -148.51062105518648     
  -222.36983075966398     
  -296.38580589170033     
  -370.55602399163087     
  -444.87795977136221     
  -519.34908491107603     
  -593.96686778239950     
  -668.72877326004470     
  -743.63226249998002     
  -818.67479273262416     
  -893.85381705443967     
  -969.16678426706346     
  -1044.6111386405269     
  -1120.1843197645994     
  -1195.8837623649372     
  -1271.7068961330740     
  -1347.6511455535424     
  -1423.7139297778044     
  -1499.8926624203086     
  -1576.1847514424080     
  -1652.5875989996121     
  -1729.0986013017455     
  -1805.7151484691717     
  -1882.4346244352053     
  -1959.2544067690089     
  -2036.1718665861597     
  -2113.1843684212745     
  -2190.2892701043852     
  -2267.4839226829686     
  -2344.7656702633299     
  -2422.1318499395211     
  -2499.5797916833731     
  -2577.1068182462145     
  -2654.7102450550060     
  -2732.3873801537793     
  -2810.1355240631688     
  -2887.9519697273167     
  -2965.8340024210520     
  -3043.7788996679819     
  -3121.7839311524285     
  -3199.8463586762646     
  -3277.9634360327582     
  -3356.1324089676732     
  -3434.3505150997134     
  -3512.6149838429460     
  -3590.9230363736897     
  -3669.2718855136741     
  -3747.6587357003095     
  -3826.0807829157852     
  -3904.5352146261171     
  -3983.0192097130539     
  -4061.5299384501322     
  -4140.0645623941964     
  -4218.6202343637642     
  -4297.1940983756631     
  -4375.7832895910842     
  -4454.3849342540407     
  -4532.9961496735032     
  -4611.6140441204770     
  -4690.2357168115459     
  -4768.8582578500736     
  -4847.4787481679296     
  -4926.0942595105616     
  -5004.7018543365466     
  -5083.2985858033262     
  -5161.8814977101583     
  -5240.4476244498101     
  -5318.9939909517316     
  -5397.5176126680462     
  -5476.0154954737391     
  -5554.4846356523776     
  -5632.9220198387338     
  -5711.3246249696149     
  -5789.6894182257975     
  -5868.0133570161861     
