   3.8862870533168752E-003
   4.0367620292753826E-003
   4.1807820118043839E-003
   4.3184798768418084E-003
   4.4499860757484574E-003
   4.5754287332561878E-003
   4.6949337409643056E-003
   4.8086248469187028E-003
   4.9166237412025440E-003
   5.0190501379734952E-003
   5.1160218540347597E-003
   5.2076548840229355E-003
   5.2940634726148387E-003
   5.3753601836573585E-003
   5.4516559665500081E-003
   5.5230602199629582E-003
   5.5896808529628658E-003
   5.6516243438049143E-003
   5.7089957963587616E-003
   5.7618989944200616E-003
   5.8104364539033754E-003
   5.8547094730973474E-003
   5.8948181810442426E-003
   5.9308615841007434E-003
   5.9629376108702023E-003
   5.9911431554483694E-003
   6.0155741191861081E-003
   6.0363254509741117E-003
   6.0534911861247565E-003
   6.0671644839573073E-003
   6.0774376640956541E-003
   6.0844022415888419E-003
   6.0881489608777210E-003
   6.0887678286845829E-003
   6.0863481458663417E-003
   6.0809785382882247E-003
   6.0727469867594610E-003
   6.0617408560896865E-003
   6.0480469232997427E-003
   6.0317514050273191E-003
   6.0129399841635390E-003
   5.9916978357930301E-003
   5.9681096524371547E-003
   5.9422596686379411E-003
   5.9142316849489698E-003
   5.8841090913305380E-003
   5.8519748899988674E-003
   5.8179117177717269E-003
   5.7820018679005190E-003
   5.7443273114749999E-003
   5.7049697183676794E-003
   5.6640104778024223E-003
   5.6215307185181335E-003
   5.5776113285957874E-003
   5.5323329749742117E-003
   5.4857761226202676E-003
   5.4380210534730978E-003
   5.3891478850744958E-003
   5.3392365890239388E-003
   5.2883670091852441E-003
   5.2366188797001167E-003
   5.1840718428800506E-003
   5.1308054668884277E-003
   5.0768992633469356E-003
   5.0224327047921850E-003
   4.9674852420916928E-003
   4.9121363217870806E-003
   4.8564654033477232E-003
   4.8005519764675042E-003
   4.7444755782888271E-003
   4.6883158107129787E-003
   4.6321523577044161E-003
   4.5760650026244847E-003
   4.5201336457182427E-003
   4.4644383216212169E-003
   4.4090592170547109E-003
   4.3540766885875179E-003
   4.2995712806181132E-003
   4.2456237435000831E-003
   4.1923150518900932E-003
   4.1397264233334896E-003
   4.0879393370562844E-003
   4.0370355530878850E-003
   3.9870971316354215E-003
   3.9382064527778201E-003
   3.8904462365478933E-003
   3.8438995633465114E-003
   3.7986498947885673E-003
   3.7547810949305365E-003
   3.7123774520051740E-003
   3.6715237006079982E-003
   3.6323050444104820E-003
   3.5948071794252552E-003
   3.5591163178252290E-003
   3.5253192124178184E-003
   3.4935031817372995E-003
   3.4637561358338183E-003
   3.4361666027930386E-003
   3.4108237560051299E-003
   3.3878174422668612E-003
   3.3672382107009366E-003
   3.3491773426023367E-003
   3.3337268822115759E-003
   3.3209796684841209E-003
   3.3110293679127030E-003
   3.3039705084389184E-003
   3.2998985145387075E-003
   3.2989097435095808E-003
   3.3011015230695125E-003
   3.3065721902638327E-003
   3.3154211318270317E-003
   3.3277488260131253E-003
   3.3436568860190086E-003
   3.3632481050417011E-003
   3.3866265030787490E-003
   3.4138973755669867E-003
   3.4451673439252371E-003
   3.4805444081558493E-003
   3.5201380015345628E-003
   3.5640590475970362E-003
   3.6124200194379494E-003
   3.6653350015362482E-003
   3.7229197542069103E-003
   3.7852917807777563E-003
   3.8525703977388640E-003
   3.9248768079062643E-003
   4.0023341768621696E-003
   4.0850677128373451E-003
   4.1732047501232055E-003
   4.2668748363976017E-003
   4.3662098239655445E-003
   4.4713439653690963E-003
   4.5824140133716414E-003
   4.6995593257678917E-003
   4.8229219752313748E-003
   4.9526468643760991E-003
   5.0888818465844058E-003
   5.2317778526485012E-003
   5.3814890238752478E-003
   5.5381728517286573E-003
   5.7019903246729470E-003
   5.8731060825458637E-003
   6.0516885787994515E-003
   6.2379102514147624E-003
   6.4319477026179989E-003
   6.6339818883367555E-003
   6.8441983178317810E-003
   7.0627872640219745E-003
   7.2899439856018754E-003
   7.5258689611785098E-003
   7.7707681368047871E-003
   8.0248531872251939E-003
   8.2883417922272606E-003
   8.5614579289330084E-003
   8.8444321809153983E-003
   9.1375020658251999E-003
   9.4409123821827846E-003
   9.7549155773386399E-003
   1.0079772137470364E-002
   1.0415751001748868E-002
   1.0763130002228984E-002
   1.1122196331070889E-002
   1.1493247037810230E-002
   1.1876589558119014E-002
   1.2272542277144593E-002
   1.2681435129829614E-002
   1.3103610240762771E-002
   1.3539422607472096E-002
   1.3989240829624336E-002
   1.4453447888901551E-002
   1.4932441982626487E-002
   1.5426637416461133E-002
   1.5936465560785699E-002
   1.6462375875744732E-002
   1.7004837011841099E-002
   1.7564337991419609E-002
   1.8141389479461784E-002
   1.8736525150378564E-002
   1.9350303160530057E-002
   1.9983307735787065E-002
   2.0636150884296309E-002
   2.1309474247505913E-002
   2.2003951101144465E-002
   2.2720288522004247E-002
   2.3459229736328704E-002
   2.4221556667352102E-002
   2.5008092703658006E-002
   2.5819705709221864E-002
   2.6657311302395174E-002
   2.7521876430409799E-002
   2.8414423272939301E-002
   2.9336033510155013E-002
   3.0287852995186538E-002
   3.1271096878674152E-002
   3.2287055235313167E-002
   3.3337099253205917E-002
   3.4422688052512633E-002
   3.5545376209031657E-002
   3.6706822072198414E-002
   3.7908796974982721E-002
   3.9153195453312063E-002
   4.0442046604441020E-002
   4.1777526738984147E-002
   4.3161973502142681E-002
   4.4597901667587092E-002
   4.6088020844620610E-002
   4.7635255373004490E-002
   4.9242766734043007E-002
   5.0913978856099454E-002
   5.2652606767268545E-002
   5.4462689126068789E-002
   5.6348625260039399E-002
   5.8315217468057096E-002
   6.0367719482235252E-002
   6.2511892174366215E-002
   6.4754067810760943E-002
   6.7101224436065324E-002
   6.9561072318402362E-002
   7.2142154811771719E-002
   7.4853966549193379E-002
   7.7707092561676919E-002
   8.0713372814218171E-002
   8.3886097782526273E-002
   8.7240242169097135E-002
   9.0792745793207952E-002
   9.4562853213980003E-002
   9.8572527030557897E-002
  0.10284695431598787     
  0.10741517176294399     
  0.11231084351276513     
  0.11757323722643545     
  0.12324846024476617     
  0.12939104076493652     
  0.13606597226057732     
  0.14335138803491879     
  0.15134210517330518     
  0.16015438675180635     
  0.16993244024842447     
  0.18085743673247964     
  0.19316026531915068     
  0.20713994820154424     
  0.22319084831340488     
  0.24184390923004562     
  0.26383095655755778     
  0.29018809754970021     
  0.32242749862894871     
  0.36283188040951714     
  0.41497042250631733     
  0.48458663524511852     
  0.58085575142308266     
  0.71590475635718709     
  0.88562323024145206     
  0.97990416522125512     
  0.83857727437819185     
  0.61908551190737171     
  0.45717463518103635     
  0.35030395417089161     
  0.27786128779357333     
  0.22639320072799557     
  0.18821078361672436     
  0.15884743774431129     
  0.13559362142143919     
  0.11672996591752612     
  0.10111997323764813     
   8.7985175388151871E-002
   7.6775667995369834E-002
   6.7092519218208468E-002
   5.8639550104571982E-002
   5.1192381086300587E-002
   4.4577981041460768E-002
   3.8660804363235629E-002
   3.3333176235401225E-002
   2.8508486185282858E-002
   2.4116280030023050E-002
   2.0098661321660251E-002
   1.6407612795345958E-002
   1.3002975027438583E-002
   9.8509017929751478E-003
   6.9226660356643465E-003
   4.1937270480063953E-003
   1.6429945693146025E-003
  -7.4775704143028600E-004
  -2.9943590840934512E-003
  -5.1106289975574107E-003
  -7.1086804331739247E-003
  -8.9991776715847450E-003
  -1.0791545709004018E-002
  -1.2494144772354120E-002
  -1.4114416106106366E-002
  -1.5659004402075960E-002
  -1.7133861131246202E-002
  -1.8544332167725271E-002
  -1.9895232423853999E-002
  -2.1190909693617845E-002
  -2.2435299481518144E-002
  -2.3631972271853423E-002
  -2.4784174427944148E-002
  -2.5894863701390665E-002
  -2.6966740165471324E-002
  -2.8002273244853586E-002
  -2.9003725407768591E-002
  -2.9973172990332517E-002
  -3.0912524552390339E-002
  -3.1823537099586539E-002
  -3.2707830455383363E-002
  -3.3566900026616268E-002
  -3.4402128166736552E-002
  -3.5214794315476326E-002
  -3.6006084064430781E-002
  -3.6777097280668851E-002
  -3.7528855400304352E-002
  -3.8262307988968923E-002
  -3.8978338655236935E-002
  -3.9677770388869563E-002
  -4.0361370389495423E-002
  -4.1029854441239647E-002
  -4.1683890881955107E-002
  -4.2324104211509853E-002
  -4.2951078375506234E-002
  -4.3565359759518710E-002
  -4.4167459921894775E-002
  -4.4757858092509095E-002
  -4.5337003460177001E-002
  -4.5905317268914884E-002
  -4.6463194742505667E-002
  -4.7011006852391228E-002
  -4.7549101944602629E-002
  -4.8077807238314348E-002
  -4.8597430207344611E-002
  -4.9108259856091518E-002
  -4.9610567898088848E-002
  -5.0104609846930055E-002
  -5.0590626025977511E-002
  -5.1068842504733786E-002
  -5.1539471967683249E-002
  -5.2002714520897331E-002
  -5.2458758442398043E-002
  -5.2907780879791352E-002
  -5.3349948500503508E-002
  -5.3785418097343857E-002
  -5.4214337153744983E-002
  -5.4636844371475868E-002
  -5.5053070163395799E-002
  -5.5463137114703590E-002
  -5.5867160414101044E-002
  -5.6265248257893953E-002
  -5.6657502228696727E-002
  -5.7044017650309850E-002
  -5.7424883921207322E-002
  -5.7800184827269466E-002
  -5.8169998836122006E-002
  -5.8534399373515289E-002
  -5.8893455083659202E-002
  -5.9247230074341371E-002
  -5.9595784147592742E-002
  -5.9939173017525355E-002
  -6.0277448515394169E-002
  -6.0610658783529586E-002
  -6.0938848458094656E-002
  -6.1262058841995946E-002
  -6.1580328068339754E-002
  -6.1893691254787060E-002
  -6.2202180649968006E-002
  -6.2505825771745752E-002
  -6.2804653538411886E-002
  -6.3098688393007266E-002
  -6.3387952420960125E-002
  -6.3672465461995148E-002
  -6.3952245215972384E-002
  -6.4227307343709086E-002
  -6.4497665562398582E-002
  -6.4763331736470711E-002
  -6.5024315963949350E-002
  -6.5280626658351534E-002
  -6.5532270626873196E-002
  -6.5779253144470640E-002
  -6.6021578024658301E-002
  -6.6259247686634173E-002
  -6.6492263219380343E-002
  -6.6720624442723475E-002
  -6.6944329965329077E-002
  -6.7163377240233760E-002
  -6.7377762617525427E-002
  -6.7587481394729365E-002
  -6.7792527864855165E-002
  -6.7992895362075062E-002
  -6.8188576305512005E-002
  -6.8379562240770894E-002
  -6.8565843879806382E-002
  -6.8747411138741110E-002
  -6.8924253174092356E-002
  -6.9096358417333567E-002
  -6.9263714607744942E-002
  -6.9426308823942448E-002
  -6.9584127513770674E-002
  -6.9737156522944724E-002
  -6.9885381122352902E-002
  -7.0028786033982868E-002
  -7.0167355455801786E-002
  -7.0301073085286339E-002
  -7.0429922142005524E-002
  -7.0553885388970505E-002
  -7.0672945153053418E-002
  -7.0787083344392654E-002
  -7.0896281474749287E-002
  -7.1000520675072357E-002
  -7.1099781712026411E-002
  -7.1194045003780945E-002
  -7.1283290634841220E-002
  -7.1367498370146207E-002
  -7.1446647668373192E-002
  -7.1520717694406571E-002
  -7.1589687331158558E-002
  -7.1653535190574574E-002
  -7.1712239623988358E-002
  -7.1765778731781998E-002
  -7.1814130372327450E-002
  -7.1857272170327419E-002
  -7.1895181524451304E-002
  -7.1927835614387731E-002
  -7.1955211407224676E-002
  -7.1977285663246557E-002
  -7.1994034941118570E-002
  -7.2005435602453469E-002
  -7.2011463815810639E-002
  -7.2012095560087752E-002
  -7.2007306627339854E-002
  -7.1997072625013078E-002
  -7.1981368977614354E-002
  -7.1960170927797731E-002
  -7.1933453536865311E-002
  -7.1901191684704310E-002
  -7.1863360069160248E-002
  -7.1819933204817554E-002
  -7.1770885421190714E-002
  -7.1716190860364515E-002
  -7.1655823473996391E-002
  -7.1589757019788466E-002
  -7.1517965057281474E-002
  -7.1440420943117089E-002
  -7.1357097825632695E-002
  -7.1267968638819068E-002
  -7.1173006095706676E-002
  -7.1072182681011342E-002
  -7.0965470643215886E-002
  -7.0852841985904746E-002
  -7.0734268458403027E-002
  -7.0609721545799572E-002
  -7.0479172458112402E-002
  -7.0342592118860570E-002
  -7.0199951152715101E-002
  -7.0051219872526119E-002
  -6.9896368265438533E-002
  -6.9735365978169081E-002
  -6.9568182301555967E-002
  -6.9394786154054450E-002
  -6.9215146064510694E-002
  -6.9029230153778084E-002
  -6.8837006115591556E-002
  -6.8638441196283442E-002
  -6.8433502173456465E-002
  -6.8222155333735504E-002
  -6.8004366449167991E-002
  -6.7780100752699482E-002
  -6.7549322912286311E-002
  -6.7311997003752386E-002
  -6.7068086482522715E-002
  -6.6817554153735970E-002
  -6.6560362141242474E-002
  -6.6296471854828398E-002
  -6.6025843956206406E-002
  -6.5748438323226549E-002
  -6.5464214012403127E-002
  -6.5173129219931181E-002
  -6.4875141240570644E-002
  -6.4570206424988813E-002
  -6.4258280134755555E-002
  -6.3939316695627677E-002
  -6.3613269348447438E-002
  -6.3280090197748703E-002
  -6.2939730158258822E-002
  -6.2592138898534558E-002
  -6.2237264782379342E-002
  -6.1875054807276113E-002
  -6.1505454539944326E-002
  -6.1128408049175659E-002
  -6.0743857835089982E-002
  -6.0351744755537937E-002
  -5.9952007948552564E-002
  -5.9544584751570519E-002
  -5.9129410616512737E-002
  -5.8706419020811827E-002
  -5.8275541374469123E-002
  -5.7836706922136903E-002
  -5.7389842640951164E-002
  -5.6934873133047854E-002
  -5.6471720512792492E-002
  -5.6000304288774283E-002
  -5.5520541239426680E-002
  -5.5032345282995158E-002
