  0.10371522170008141     
  0.10487817815637489     
  0.10604149135709702     
  0.10720518975767598     
  0.10836930208709200     
  0.10953385735585550     
  0.11069888486212764     
  0.11186441419930897     
  0.11303047526366898     
  0.11419709826106823     
  0.11536431371490433     
  0.11653215247425307     
  0.11770064572080885     
  0.11886982497800552     
  0.12003972211827360     
  0.12121036937181341     
  0.12238179933554047     
  0.12355404498085258     
  0.12472713966360739     
  0.12590111713226407     
  0.12707601153761322     
  0.12825185744263987     
  0.12942868983127437     
  0.13060654411939229     
  0.13178545616399548     
  0.13296546227398193     
  0.13414659922115463     
  0.13532890425024632     
  0.13651241509042258     
  0.13769716996704584     
  0.13888320761233636     
  0.14007056727836001     
  0.14125928874825788     
  0.14244941234915673     
  0.14364097896534533     
  0.14483403005041834     
  0.14602860764180089     
  0.14722475437354335     
  0.14842251349084171     
  0.14962192886492115     
  0.15082304500690508     
  0.15202590708414523     
  0.15323056093486587     
  0.15443705308460007     
  0.15564543076304918     
  0.15685574192013280     
  0.15806803524374527     
  0.15928236017797628     
  0.16049876694041143     
  0.16171730654203800     
  0.16293803080556288     
  0.16416099238567039     
  0.16538624478983827     
  0.16661384239830909     
  0.16784384048677303     
  0.16907629524753279     
  0.17031126381274217     
  0.17154880427829522     
  0.17278897572696258     
  0.17403183825438187     
  0.17527745299363159     
  0.17652588214199577     
  0.17777718898852057     
  0.17903143794108434     
  0.18028869455560512     
  0.18154902556612154     
  0.18281249891431420     
  0.18407918378220420     
  0.18534915062361365     
  0.18662247119806782     
  0.18789921860578560     
  0.18917946732227800     
  0.19046329323629588     
  0.19175077368674184     
  0.19304198750228210     
  0.19433701504223186     
  0.19563593823740455     
  0.19693884063366196     
  0.19824580743697082     
  0.19955692555836632     
  0.20087228366273316     
  0.20219197221692878     
  0.20351608354108744     
  0.20484471186167622     
  0.20617795336482914     
  0.20751590625386232     
  0.20885867080643222     
  0.21020634943524963     
  0.21155904675099690     
  0.21291686962589862     
  0.21427992726188358     
  0.21564833125885327     
  0.21702219568702252     
  0.21840163716190472     
  0.21978677492060855     
  0.22117773090241447     
  0.22257462983232626     
  0.22397759930609329     
  0.22538676988103279     
  0.22680227516774998     
  0.22822425192700607     
  0.22965284017034715     
  0.23108818326297165     
  0.23253042803315099     
  0.23397972488342794     
  0.23543622790790425     
  0.23690009501415688     
  0.23837148804840927     
  0.23985057292844000     
  0.24133751977913939     
  0.24283250307546500     
  0.24433570179129616     
  0.24584729955293144     
  0.24736748480062506     
  0.24889645095691282     
  0.25043439660023853     
  0.25198152564888215     
  0.25353804755011161     
  0.25510417747924280     
  0.25668013654749716     
  0.25826615201720377     
  0.25986245752937898     
  0.26146929333867447     
  0.26308690656071038     
  0.26471555143065911     
  0.26635548957205230     
  0.26800699028047859     
  0.26967033081771019     
  0.27134579672154230     
  0.27303368213027507     
  0.27473429012078010     
  0.27644793306435289     
  0.27817493299983936     
  0.27991562202301828     
  0.28167034269768138     
  0.28343944848398828     
  0.28522330419015290     
  0.28702228644665501     
  0.28883678420196440     
  0.29066719924634393     
  0.29251394675965453     
  0.29437745588871184     
  0.29625817035450852     
  0.29815654908897471     
  0.30007306690690511     
  0.30200821521274857     
  0.30396250274226549     
  0.30593645634739014     
  0.30793062181853681     
  0.30994556475328955     
  0.31198187147171963     
  0.31404014997821378     
  0.31612103097807182     
  0.31822516894610831     
  0.32035324325455239     
  0.32250595936163878     
  0.32468405006197115     
  0.32688827680750182     
  0.32911943109447084     
  0.33137833592779381     
  0.33366584736144772     
  0.33598285611686385     
  0.33833028928732539     
  0.34070911212743327     
  0.34312032992840413     
  0.34556498998805324     
  0.34804418366662526     
  0.35055904853756842     
  0.35311077062721430     
  0.35570058673802746     
  0.35832978685856304     
  0.36099971664047681     
  0.36371177994091120     
  0.36646744140708509     
  0.36926822908002505     
  0.37211573699248468     
  0.37501162771161078     
  0.37795763478073124     
  0.38095556498625222     
  0.38400730035932051     
  0.38711479979881247     
  0.39028010016534997     
  0.39350531664652161     
  0.39679264215829263     
  0.40014434544954336     
  0.40356276750785935     
  0.40705031573357342     
  0.41060945519096259     
  0.41424269606005820     
  0.41795257611507119     
  0.42174163673734605     
  0.42561239047895522     
  0.42956727756546331     
  0.43360860790747180     
  0.43773848403093718     
  0.44195869877935445     
  0.44627059953590520     
  0.45067490771804442     
  0.45517147818759363     
  0.45975897737582533     
  0.46443445057041505     
  0.46919273683429336     
  0.47402567243064087     
  0.47892099771422675     
  0.48386084349734199     
  0.48881961361375315     
  0.49376098866634516     
  0.49863363133669020     
  0.50336494144163291     
  0.50785182808581886     
  0.51194682732380037     
  0.51543679537498288     
  0.51800946836535411     
  0.51919965866291562     
  0.51830027278402691     
  0.51421064822669793     
  0.50516958828425751     
  0.48826984448500715     
  0.45854961723593818     
  0.40727210498844169     
  0.31879994689298646     
  0.16614946346593848     
  -8.8017967348269568E-002
 -0.45474305626741462     
 -0.83485273380314962     
  -1.0766956606001752     
  -1.1631802880955753     
  -1.1628423523709150     
  -1.1275462687398252     
  -1.0815084918327709     
  -1.0344103599909291     
 -0.98978755995818035     
 -0.94871521008175586     
 -0.91130714729278239     
 -0.87732230628113883     
 -0.84641103931512340     
 -0.81821384802459352     
 -0.79239853277391925     
 -0.76867150418427788     
 -0.74677847453366764     
 -0.72650110364175502     
 -0.70765243522370092     
 -0.69007231101069932     
 -0.67362321722672547     
 -0.65818669505471405     
 -0.64366030998294876     
 -0.62995512261383269     
 -0.61699358898835088     
 -0.60470782018916147     
 -0.59303813876220646     
 -0.58193187883203845     
 -0.57134238590370445     
 -0.56122818023318555     
 -0.55155225442442535     
 -0.54228148144252009     
 -0.53338611370028866     
 -0.52483935757205369     
 -0.51661701055418352     
 -0.50869715068241772     
 -0.50105986970468230     
 -0.49368704300631011     
 -0.48656213054343112     
 -0.47967000403362497     
 -0.47299679643604758     
 -0.46652977045727884     
 -0.46025720331482423     
 -0.45416828546178434     
 -0.44825303133913524     
 -0.44250220049973260     
 -0.43690722773648522     
 -0.43146016101740159     
 -0.42615360622831233     
 -0.42098067786848758     
 -0.41593495494538330     
 -0.41101044145168936     
 -0.40620153086170380     
 -0.40150297417935898     
 -0.39690985113152238     
 -0.39241754413953178     
 -0.38802171476262559     
 -0.38371828234614042     
 -0.37950340462375248     
 -0.37537346007971900     
 -0.37132503187496996     
 -0.36735489317994297     
 -0.36345999377610405     
 -0.35963744778751910     
 -0.35588452244449836     
 -0.35219862776782823     
 -0.34857730709028056     
 -0.34501822833980211     
 -0.34151917600384624     
 -0.33807804372383016     
 -0.33469282745343293     
 -0.33136161913375550     
 -0.32808260084346319     
 -0.32485403937596324     
 -0.32167428120986996     
 -0.31854174784386285     
 -0.31545493145572051     
 -0.31241239086983380     
 -0.30941274779931882     
 -0.30645468334375991     
 -0.30353693472603671     
 -0.30065829224092361     
 -0.29781759640878569     
 -0.29501373531069630     
 -0.29224564209447312     
 -0.28951229264154510     
 -0.28681270337567832     
 -0.28414592921175780     
 -0.28151106162713962     
 -0.27890722684979130     
 -0.27633358415768972     
 -0.27378932427614094     
 -0.27127366786900414     
 -0.26878586412056116     
 -0.26632518939409910     
 -0.26389094597103258     
 -0.26148246085804450     
 -0.25909908466064041     
 -0.25674019052126806     
 -0.25440517311124600     
 -0.25209344768142683     
 -0.24980444916050512     
 -0.24753763130125833     
 -0.24529246587377682     
 -0.24306844189830959     
 -0.24086506491754897     
 -0.23868185630827840     
 -0.23651835262427295     
 -0.23437410497573000     
 -0.23224867843679570     
 -0.23014165148231672     
 -0.22805261545434008     
 -0.22598117405079288     
 -0.22392694284216427     
 -0.22188954880863418     
 -0.21986862989884981     
 -0.21786383461200420     
 -0.21587482159524779     
 -0.21390125926319606     
 -0.21194282543239246     
 -0.20999920697221758     
 -0.20807009947340913     
 -0.20615520692928241     
 -0.20425424143089105     
 -0.20236692287751620     
 -0.20049297869680230     
 -0.19863214357979930     
 -0.19678415922518500     
 -0.19494877409434350     
 -0.19312574317875730     
 -0.19131482777394787     
 -0.18951579526586101     
 -0.18772841892393685     
 -0.18595247770253806     
 -0.18418775605231635     
 -0.18243404373636721     
 -0.18069113565654946     
 -0.17895883168455815     
 -0.17723693649973524     
 -0.17552525943490571     
 -0.17382361432639840     
 -0.17213181936981881     
 -0.17044969698325105     
 -0.16877707367273104     
 -0.16711377990559687     
 -0.16545964998658300     
 -0.16381452193870250     
 -0.16217823739029741     
 -0.16055064146326592     
 -0.15893158266826837     
 -0.15732091280180713     
 -0.15571848684697626     
 -0.15412416287938857     
 -0.15253780197478492     
 -0.15095926811987703     
 -0.14938842812808861     
 -0.14782515155548240     
 -0.14626931062220769     
 -0.14472078013503487     
 -0.14317943741240410     
 -0.14164516221366705     
 -0.14011783666817682     
 -0.13859734520931741     
 -0.13708357450896877     
 -0.13557641341411922     
 -0.13407575288727441     
 -0.13258148594622138     
 -0.13109350760829294     
 -0.12961171483470205     
 -0.12813600647661813     
 -0.12666628322444012     
 -0.12520244755732285     
 -0.12374440369411045     
 -0.12229205754745300     
 -0.12084531667690722     
 -0.11940409024592959     
 -0.11796828897852589     
 -0.11653782511720655     
 -0.11511261238384550     
 -0.11369256593925985     
 -0.11227760234642430     
 -0.11086763953314674     
 -0.10946259675582116     
 -0.10806239456582760     
 -0.10666695477450086     
 -0.10527620042164529     
 -0.10389005574313502     
 -0.10250844613953429     
 -0.10113129814702498     
  -9.9758539407719241E-002
  -9.8390098640791387E-002
  -9.7025905615976724E-002
  -9.5665891125453692E-002
  -9.4309986958828307E-002
  -9.2958125877244738E-002
  -9.1610241588184579E-002
  -9.0266268722479517E-002
  -8.8926142809613473E-002
  -8.7589800255965300E-002
  -8.6257178322183076E-002
  -8.4928215101058344E-002
  -8.3602849497477594E-002
  -8.2281021206656049E-002
  -8.0962670695178610E-002
  -7.9647739181009869E-002
  -7.8336168613999849E-002
  -7.7027901658228787E-002
  -7.5722881673440198E-002
  -7.4421052696923465E-002
  -7.3122359427329003E-002
  -7.1826747206636940E-002
  -7.0534162004777412E-002
  -6.9244550403129213E-002
  -6.7957859578440041E-002
  -6.6674037288578306E-002
  -6.5393031856372547E-002
  -6.4114792156057490E-002
  -6.2839267598554224E-002
  -6.1566408117075193E-002
  -6.0296164154364174E-002
  -5.9028486648908453E-002
  -5.7763327021447534E-002
  -5.6500637163226508E-002
  -5.5240369422327192E-002
  -5.3982476592454316E-002
  -5.2726911900514158E-002
  -5.1473628994442494E-002
  -5.0222581932716753E-002
  -4.8973725171921868E-002
  -4.7727013556766375E-002
  -4.6482402308811607E-002
  -4.5239847015408119E-002
  -4.3999303620303000E-002
  -4.2760728412277973E-002
  -4.1524078016130242E-002
  -4.0289309382401911E-002
  -3.9056379777291525E-002
  -3.7825246774021402E-002
  -3.6595868243086270E-002
  -3.5368202342666522E-002
  -3.4142207510616029E-002
  -3.2917842454470131E-002
  -3.1695066143724658E-002
  -3.0473837800834600E-002
  -2.9254116892348189E-002
  -2.8035863121577506E-002
  -2.6819036419305109E-002
  -2.5603596936732791E-002
  -2.4389505037069024E-002
  -2.3176721287289825E-002
  -2.1965206451394170E-002
  -2.0754921481659156E-002
  -1.9545827512096187E-002
  -1.8337885850601331E-002
  -1.7131057971199709E-002
  -1.5925305507633380E-002
  -1.4720590245776100E-002
  -1.3516874116130367E-002
  -1.2314119187792140E-002
  -1.1112287660400646E-002
  -9.9113418582430241E-003
  -8.7112442230328768E-003
  -7.5119573067515709E-003
  -6.3134437659328876E-003
  -5.1156663539387330E-003
  -3.9185879153706381E-003
  -2.7221713791033392E-003
  -1.5263797514009467E-003
  -3.3117611044899102E-004
   8.6347640114725187E-004
   2.0576145817551308E-003
   3.2512751774553556E-003
   4.4444948887514147E-003
   5.6373103760105729E-003
   6.8297582661227428E-003
   8.0218751591377337E-003
   9.2136976335070349E-003
