   24841.953044282916     
   25024.491333471575     
   25205.854245440514     
   25386.039595711503     
   25565.045107030706     
   25742.868410346200     
   25919.507045547591     
   26094.958462407063     
   26269.220021298581     
   26442.288994035516     
   26614.162564688926     
   26784.837830255849     
   26954.311801508069     
   27122.581403625605     
   27289.643476943962     
   27455.494777681823     
   27620.131978523401     
   27783.551669374148     
   27945.750357895726     
   28106.724470224479     
   28266.470351484273     
   28424.984266406613     
   28582.262399931078     
   28738.300857666851     
   28893.095666517729     
   29046.642775108550     
   29198.938054313985     
   29349.977297767524     
   29499.756222236178     
   29648.270468151321     
   29795.515599936523     
   29941.487106500346     
   30086.180401540230     
   30229.590823941489     
   30371.713638156114     
   30512.544034453476     
   30652.077129316305     
   30790.307965644111     
   30927.231513109597     
   31062.842668335743     
   31197.136255160338     
   31330.107024879228     
   31461.749656367334     
   31592.058756333401     
   31721.028859402060     
   31848.654428277128     
   31974.929853882561     
   32099.849455385433     
   32223.407480343354     
   32345.598104676505     
   32466.415432770402     
   32585.853497414926     
   32703.906259815401     
   32820.567609579099     
   32935.831364588885     
   33049.691270987954     
   33162.141002998433     
   33273.174162856209     
   33382.784280590480     
   33490.964813865045     
   33597.709147791909     
   33703.010594636275     
   33806.862393618154     
   33909.257710564176     
   34010.189637612988     
   34109.651192890145     
   34207.635320076894     
   34304.134888064036     
   34399.142690454151     
   34492.651445151598     
   34584.653793809892     
   34675.142301319866     
   34764.109455261925     
   34851.547665255086     
   34937.449262373324     
   35021.806498417092     
   35104.611545253778     
   35185.856494021384     
   35265.533354358064     
   35343.634053588699     
   35420.150435809483     
   35495.074261020032     
   35568.397204121175     
   35640.110853927203     
   35710.206712128718     
   35778.676192152758     
   35845.510618054155     
   35910.701223270589     
   35974.239149407418     
   36036.115444891111     
   36096.321063617383     
   36154.846863538420     
   36211.683605144492     
   36266.821949951227     
   36320.252458855815     
   36371.965590470907     
   36421.951699387573     
   36470.201034328245     
   36516.703736284006     
   36561.449836515501     
   36604.429254533155     
   36645.631795942427     
   36685.047150240076     
   36722.664888520005     
   36758.474461058846     
   36792.465194851633     
   36824.626291004046     
   36854.946822066464     
   36883.415729224216     
   36910.021819404050     
   36934.753762264998     
   36957.600087051593     
   36978.549179354006     
   36997.589277713101     
   37014.708470111720     
   37029.894690325906     
   37043.135714120821     
   37054.419155315947     
   37063.732461677915     
   37071.062910667009     
   37076.397605003229     
   37079.723468065524     
   37081.027239105759     
   37080.295468270888     
   37077.514511428890     
   37072.670524786925     
   37065.749459293889     
   37056.737054814570     
   37045.618834074710     
   37032.380096350244     
   37017.005910911663     
   36999.481110184584     
   36979.790282645023     
   36957.917765409795     
   36933.847636515908     
   36907.563706895526     
   36879.049511986144     
   36848.288303017813     
   36815.263037895675     
   36779.956371727014     
   36742.350646917715     
   36702.427882836972     
   36660.169765062579     
   36615.557634107943     
   36568.572473699569     
   36519.194898500748     
   36467.405141283161     
   36413.183039558899     
   36356.508021545356     
   36297.359091553728     
   36235.714814633851     
   36171.553300572123     
   36104.852187093842     
   36035.588622268166     
   35963.739246127763     
   35889.280171323662     
   35812.186962930486     
   35732.434617171115     
   35649.997539179785     
   35564.849519596501     
   35476.963709981166     
   35386.312597046635     
   35292.867975467263     
   35196.600919383956     
   35097.481752347114     
   34995.480015668538     
   34890.564435160784     
   34782.702885962142     
   34671.862355572353     
   34558.008904715207     
   34441.107626146506     
   34321.122601051269     
   34198.016852950379     
   34071.752299040629     
   33942.289698547713     
   33809.588598182730     
   33673.607274171867     
   33534.302670927471     
   33391.630335849884     
   33245.544350073287     
   33095.997254961716     
   32942.939973740860     
   32786.321728234849     
   32626.089950022142     
   32462.190185678664     
   32294.565995755645     
   32123.158846647810     
   31947.907995160731     
   31768.750364724132     
   31585.620412948378     
   31398.449989412627     
   31207.168182947211     
   31011.701157602678     
   30811.971975880009     
   30607.900408481026     
   30399.402728895184     
   30186.391491500188     
   29968.775291705155     
   29746.458505898885     
   29519.341009655029     
   29287.317871347859     
   29050.279019105823     
   28808.108877733612     
   28560.685972446099     
   28307.882495839855     
   28049.563833346190     
   27785.588042874318     
   27515.805282442165     
   27240.057180017091     
   26958.176137717484     
   26669.984562101734     
   26375.294010976973     
   26073.904244824771     
   25765.602170282877     
   25450.160659687775     
   25127.337228780427     
   24796.872551520235     
   24458.488786198217     
   24111.887683716686     
   23756.748441562988     
   23392.725261550488     
   23019.444559218213     
   22636.501762837230     
   22243.457626474905     
   21839.833963479290     
   21425.108686743348     
   20998.710012890399     
   20560.009653033670     
   20108.314766741896     
   19642.858394313636     
   19162.788004554102     
   18667.151686517951     
   18154.881371968848     
   17624.772276633536     
   17075.457477409338     
   16505.376161017601     
   15912.733534709490     
   15295.449606285381     
   14651.092882663048     
   13976.793309493754     
   13269.126132968420     
   12523.954260394732     
   11736.210180005864     
   10899.587969373551     
   10006.098696787452     
   9045.4143893942783     
   8003.8818069311046     
   6863.0310133641151     
   5597.4026555354822     
   4172.0158907404457     
   2543.3676158919875     
   687.63830795428134     
  -1260.5066348463110     
  -2863.0104484523777     
  -3867.3798996244741     
  -4427.3502482166869     
  -4723.5886846367794     
  -4861.4670239342058     
  -4898.5382810754081     
  -4867.7635145225177     
  -4789.2078969739641     
  -4675.7749260604523     
  -4536.1532923413497     
  -4376.4209093084137     
  -4200.9663130724366     
  -4013.0436221113441     
  -3815.1207805085146     
  -3609.1059621348377     
  -3396.4993526970566     
  -3178.4976648088527     
  -2956.0678159123781     
  -2729.9999552659187     
  -2500.9463375152040     
  -2269.4502933415561     
  -2035.9681408567071     
  -1800.8859806744563     
  -1564.5327253677638     
  -1327.1903198192429     
  -1089.1018387261217     
  -850.47796169158687     
  -611.50219522833447     
  -372.33511685594300     
  -133.11784992831161     
   106.02507257375761     
   344.98333293133129     
   583.65884719084329     
   821.96410344332276     
   1059.8207606850542     
   1297.1584622510538     
   1533.9138259716303     
   1770.0295814860963     
   2005.4538302085907     
   2240.1394079509450     
   2474.0433344249086     
   2707.1263357206503     
   2939.3524291604576     
   3170.6885611619505     
   3401.1042902687695     
   3630.5715093695680     
   3859.0642011505161     
   4086.5582227828750     
   4313.0311154312840     
   4538.4619357323527     
   4762.8311062595767     
   4986.1202824007223     
   5208.3122340164118     
   5429.3907395706501     
   5649.3404917483404     
   5868.1470127041857     
   6085.7965782163656     
   6302.2761495718214     
   6517.5733121438143     
   6731.6762203148046     
   6944.5735475768652     
   7156.2544416371265     
   7366.7084838445426     
   7575.9256523222375     
   7783.8962888083397     
   7990.6110683494953     
   8196.0609720450539     
   8400.2372620682399     
   8603.1314591131922     
   8804.7353218850913     
   9005.0408282834615     
   9204.0401584889441     
   9401.7256793315210     
   9598.0899301853569     
   9793.1256101066010     
   9986.8255659520310     
   10179.182781751239     
   10370.190368776091     
   10559.841556700248     
   10748.129685314727     
   10935.048197101180     
   11120.590630451039     
   11304.750613334589     
   11487.521857726018     
   11668.898154297884     
   11848.873367795366     
   12027.441432617061     
   12204.596348918281     
   12380.332179062954     
   12554.643044262757     
   12727.523121714763     
   12898.966641809631     
   13068.967885724580     
   13237.521183244709     
   13404.620910666723     
   13570.261489092178     
   13734.437382694952     
   13897.143097358361     
   14058.373179275386     
   14218.122213815934     
   14376.384824522622     
   14533.155672104245     
   14688.429453722671     
   14842.200902188355     
   14994.464785441252     
   15145.215905940877     
   15294.449100254889     
   15442.159238719743     
   15588.341225055699     
   15732.989996215276     
   15876.100522120356     
   16017.667805565539     
   16157.686882168749     
   16296.152820259278     
   16433.060720969235     
   16568.405718192607     
   16702.182978748442     
   16834.387702419430     
   16965.015122124820     
   17094.060504118519     
   17221.519148112518     
   17347.386387572220     
   17471.657589874998     
   17594.328156643161     
   17715.393523949529     
   17834.849162635004     
   17952.690578637641     
   18068.913313243589     
   18183.512943485523     
   18296.485082415904     
   18407.825379479105     
   18517.529520889322     
   18625.593229930437     
   18732.012267388687     
   18836.782431856620     
   18939.899560172755     
   19041.359527742698     
   19141.158248944314     
   19239.291677532347     
   19335.755806968536     
   19430.546670866559     
   19523.660343323991     
   19615.092939329159     
   19704.840615164874     
   19792.899568741133     
   19879.266040029910     
   19963.936311389200     
   20046.906707990529     
   20128.173598145066     
   20207.733393692273     
   20285.582550382202     
   20361.717568193504     
   20436.134991737617     
   20508.831410563460     
   20579.803459549436     
   20649.047819205283     
   20716.561216024933     
   20782.340422831618     
   20846.382259065780     
   20908.683591142402     
   20969.241332728005     
   21028.052445060090     
   21085.113937257429     
   21140.422866579138     
   21193.976338742792     
   21245.771508165642     
   21295.805578265055     
   21344.075801690360     
   21390.579480586781     
   21435.313966848727     
   21478.276662330103     
   21519.465019097952     
   21558.876539625995     
   21596.508777013467     
   21632.359335192272     
   21666.425869096558     
   21698.706084864756     
   21729.197739988937     
   21757.898643494980     
   21784.806656075925     
   21809.919690239509     
   21833.235710442728     
   21854.752733197311     
   21874.468827191879     
   21892.382113375563     
   21908.490765055431     
   21922.793007960518     
   21935.287120309102     
   21945.971432861326     
   21954.844328950934     
   21961.904244518177     
   21967.149668118680     
   21970.579140926693     
   21972.191256722093     
   21971.984661864899     
   21969.958055256961     
   21966.110188289575     
   21960.439864775919     
   21952.945940872080     
   21943.627324981648     
   21932.482977643202     
   21919.511911410933     
   21904.713190707509     
   21888.085931676389     
   21869.629302001034     
   21849.342520725735     
   21827.224858048092     
   21803.275635091966     
   21777.494223681217     
   21749.880046069244     
   21720.432574678438     
   21689.151331802877     
   21656.035889289629     
   21621.085868225931     
   21584.300938569664     
   21545.680818801804     
   21505.225275514131     
   21462.934123019539     
   21418.807222912434     
   21372.844483604855     
   21325.045859875230     
   21275.411352342453     
   21223.941006974332     
   21170.634914512233     
   21115.493209929620     
   21058.516071826783     
   20999.703721798407     
   20939.056423819773     
   20876.574483538072     
   20812.258247606060     
   20746.108102942362     
   20678.124475959841     
   20608.307831816903     
   20536.658673561127     
   20463.177541326768     
   20387.865011413898     
   20310.721695418251     
   20231.748239272729     
   20150.945322252031     
   20068.313656004713     
   19983.853983456931     
   19897.567077772102     
   19809.453741212270     
   19719.514803957249     
   19627.751122953348     
   19534.163580617984     
   19438.753083614218     
