   2.2762803441536708E-002
   2.1985466763908418E-002
   2.1205071242806385E-002
   2.0421592813714032E-002
   1.9635007069370155E-002
   1.8845289250192632E-002
   1.8052414235820439E-002
   1.7256356535521111E-002
   1.6457090278416884E-002
   1.5654589204186983E-002
   1.4848826652778636E-002
   1.4039775553820213E-002
   1.3227408416702925E-002
   1.2411697318986970E-002
   1.1592613895927976E-002
   1.0770129328774126E-002
   9.9442143327539614E-003
   9.1148391457060596E-003
   8.2819735149580707E-003
   7.4455866853043945E-003
   6.6056473856625489E-003
   5.7621238154057890E-003
   4.9149836312834634E-003
   4.0641939325009096E-003
   3.2097212468755023E-003
   2.3515315156134365E-003
   1.4895900776612631E-003
   6.2386165451996760E-004
  -2.4568966627808522E-004
  -1.1191004481609702E-003
  -1.9964079219762843E-003
  -2.8776500044521420E-003
  -3.7628653156541953E-003
  -4.6520931979930052E-003
  -5.5453737357623557E-003
  -6.4427477742266025E-003
  -7.3442569408350951E-003
  -8.2499436654884777E-003
  -9.1598512024649182E-003
  -1.0074023653004737E-002
  -1.0992505987513213E-002
  -1.1915344070042725E-002
  -1.2842584681908060E-002
  -1.3774275547103447E-002
  -1.4710465358495834E-002
  -1.5651203803861223E-002
  -1.6596541593718272E-002
  -1.7546530490032193E-002
  -1.8501223334718136E-002
  -1.9460674080715092E-002
  -2.0424937822374558E-002
  -2.1394070827951129E-002
  -2.2368130573143668E-002
  -2.3347175774591309E-002
  -2.4331266426172553E-002
  -2.5320463834768887E-002
  -2.6314830658374921E-002
  -2.7314430945478110E-002
  -2.8319330174578120E-002
  -2.9329595296808425E-002
  -3.0345294778227828E-002
  -3.1366498644735952E-002
  -3.2393278528530044E-002
  -3.3425707715089938E-002
  -3.4463861192878628E-002
  -3.5507815704774098E-002
  -3.6557649800080021E-002
  -3.7613443890247830E-002
  -3.8675280304726119E-002
  -3.9743243350015195E-002
  -4.0817419370892435E-002
  -4.1897896812592088E-002
  -4.2984766287144871E-002
  -4.4078120640259934E-002
  -4.5178055021964945E-002
  -4.6284666959881163E-002
  -4.7398056434079398E-002
  -4.8518325955916590E-002
  -4.9645580649920348E-002
  -5.0779928337460395E-002
  -5.1921479625631622E-002
  -5.3070347997614301E-002
  -5.4226649907893137E-002
  -5.5390504881227952E-002
  -5.6562035614201478E-002
  -5.7741368082883257E-002
  -5.8928631652757225E-002
  -6.0123959194465892E-002
  -6.1327487204318652E-002
  -6.2539355928377005E-002
  -6.3759709493730415E-002
  -6.4988696043189575E-002
  -6.6226467877053399E-002
  -6.7473181600885210E-002
  -6.8728998278306530E-002
  -6.9994083591701575E-002
  -7.1268608009886922E-002
  -7.2552746961583092E-002
  -7.3846681018880686E-002
  -7.5150596086548754E-002
  -7.6464683601313241E-002
  -7.7789140740203086E-002
  -7.9124170636794250E-002
  -8.0469982609731178E-002
  -8.1826792399496334E-002
  -8.3194822417826428E-002
  -8.4574302008827415E-002
  -8.5965467720886049E-002
  -8.7368563594169668E-002
  -8.8783841459377136E-002
  -9.0211561252850070E-002
  -9.1651991347119682E-002
  -9.3105408896342598E-002
  -9.4572100200600417E-002
  -9.6052361088617311E-002
  -9.7546497318172470E-002
  -9.9054824999830801E-002
 -0.10057767104009925     
 -0.10211537360944643     
 -0.10366828263525053     
 -0.10523676031919039     
 -0.10682118168535409     
 -0.10842193515549914     
 -0.11003942315778360     
 -0.11167406276926331     
 -0.11332628639289589     
 -0.11499654247546941     
 -0.11668529626403011     
 -0.11839303060796880     
 -0.12012024680810823     
 -0.12186746551429319     
 -0.12363522767836294     
 -0.12542409556474321     
 -0.12723465382099541     
 -0.12906751061734165     
 -0.13092329885445689     
 -0.13280267744961619     
 -0.13470633270523555     
 -0.13663497976370734     
 -0.13858936416053549     
 -0.14057026347754553     
 -0.14257848910861659     
 -0.14461488814561255     
 -0.14668034539148478     
 -0.14877578551575155     
 -0.15090217536177902     
 -0.15306052641583792     
 -0.15525189745909865     
 -0.15747739740925695     
 -0.15973818837596859     
 -0.16203548894585754     
 -0.16437057771555788     
 -0.16674479710131673     
 -0.16915955744377420     
 -0.17161634144128624     
 -0.17411670894104486     
 -0.17666230211905840     
 -0.17925485109521411     
 -0.18189618001632707     
 -0.18458821366400843     
 -0.18733298463607531     
 -0.19013264115948536     
 -0.19298945560705366     
 -0.19590583379083612     
 -0.19888432511304660     
 -0.20192763367965824     
 -0.20503863047334212     
 -0.20822036671728852     
 -0.21147608856584582     
 -0.21480925327482747     
 -0.21822354704264599     
 -0.22172290471434170     
 -0.22531153159437478     
 -0.22899392763391549     
 -0.23277491429897934     
 -0.23665966448780884     
 -0.24065373589792824     
 -0.24476310833477519     
 -0.24899422551419559     
 -0.25335404200803080     
 -0.25785007609980382     
 -0.26249046944316157     
 -0.26728405456843418     
 -0.27224043149830768     
 -0.27737005492928157     
 -0.28268433375269936     
 -0.28819574501184558     
 -0.29391796481121313     
 -0.29986601923528639     
 -0.30605645894099087     
 -0.31250756192626622     
 -0.31923956994654235     
 -0.32627496531216288     
 -0.33363879641208155     
 -0.34135906230589447     
 -0.34946716932159588     
 -0.35799847597397616     
 -0.36699294680100220     
 -0.37649594145895771     
 -0.38655917286328179     
 -0.39724187810573258     
 -0.40861225924820777     
 -0.42074926900019238     
 -0.43374484086996473     
 -0.44770669696052701     
 -0.46276191317693494     
 -0.47906148663405201     
 -0.49678624122641096     
 -0.51615453599299321     
 -0.53743242212143838     
 -0.56094714775056420     
 -0.58710525556309678     
 -0.61641696279958091     
 -0.64952900037105732     
 -0.68726834449132312     
 -0.73069834288185831     
 -0.78118353675151009     
 -0.84044028648601388     
 -0.91048634774918535     
 -0.99319630051839092     
  -1.0885264571452220     
  -1.1887058591744606     
  -1.2631935813782145     
  -1.2415141882537679     
  -1.0635393095901218     
 -0.79525508544126844     
 -0.55175813339945456     
 -0.37196993026539538     
 -0.24621880372254068     
 -0.15775491898324454     
  -9.4004248030496909E-002
  -4.6795276085771026E-002
  -1.0935794447862099E-002
   1.6918249017065384E-002
   3.8974064320107492E-002
   5.6728091648441725E-002
   7.1221531687856526E-002
   8.3196391984754509E-002
   9.3193059598972228E-002
  0.10161284041816902     
  0.10875901953653876     
  0.11486443634828253     
  0.12011039544909258     
  0.12463988804718114     
  0.12856700048324385     
  0.13198371881445084     
  0.13496492382587202     
  0.13757210810942433     
  0.13985617713364726     
  0.14185958464136675     
  0.14361797811092350     
  0.14516147932864126     
  0.14651569021790353     
  0.14770248967054384     
  0.14874066987156781     
  0.14964644826105250     
  0.15043388232364169     
  0.15111520786315771     
  0.15170111657904195     
  0.15220098516010780     
  0.15262306540011711     
  0.15297464278232514     
  0.15326216940847243     
  0.15349137593917794     
  0.15366736627212618     
  0.15379469795386730     
  0.15387745074491685     
  0.15391928530315482     
  0.15392349359010174     
  0.15389304231513917     
  0.15383061050153407     
  0.15373862207073027     
  0.15361927418984148     
  0.15347456200341666     
  0.15330630026981315     
  0.15311614233895307     
  0.15290559684006452     
  0.15267604239127572     
  0.15242874059537598     
  0.15216484754713130     
  0.15188542404472724     
  0.15159144466942651     
  0.15128380587568527     
  0.15096333321286223     
  0.15063078778367917     
  0.15028687203104296     
  0.14993223493101668     
  0.14956747666180517     
  0.14919315280734857     
  0.14880977814836072     
  0.14841783008667664     
  0.14801775174214268     
  0.14760995475821428     
  0.14719482184644492     
  0.14677270909739948     
  0.14634394808269063     
  0.14590884776861429     
  0.14546769626055925     
  0.14502076239584785     
  0.14456829719838096     
  0.14411053521010636     
  0.14364769570993249     
  0.14317998383097702     
  0.14270759158648910     
  0.14223069881145425     
  0.14174947402907578     
  0.14126407524784343     
  0.14077465069569581     
  0.14028133949739069     
  0.13978427229890814     
  0.13928357184489518     
  0.13877935351183185     
  0.13827172580133290     
  0.13776079079734688     
  0.13724664458916960     
  0.13672937766372323     
  0.13620907527014942     
  0.13568581775741931     
  0.13515968088890060     
  0.13463073613434420     
  0.13409905094148897     
  0.13356468898946530     
  0.13302771042404676     
  0.13248817207785202     
  0.13194612767508873     
  0.13140162802260164     
  0.13085472118888239     
  0.13030545267077751     
  0.12975386554926541     
  0.12920000063575968     
  0.12864389660817130     
  0.12808559013919071     
  0.12752511601582092     
  0.12696250725137251     
  0.12639779519115144     
  0.12583100961065188     
  0.12526217880862103     
  0.12469132969378584     
  0.12411848786632515     
  0.12354367769512029     
  0.12296692238934780     
  0.12238824406677117     
  0.12180766381735630     
  0.12122520176314995     
  0.12064087711524135     
  0.12005470822680989     
  0.11946671264306823     
  0.11887690714900268     
  0.11828530781345638     
  0.11769193003162211     
  0.11709678856449030     
  0.11649989757604329     
  0.11590127066905986     
  0.11530092091792063     
  0.11469886090058865     
  0.11409510272814495     
  0.11348965807267082     
  0.11288253819428787     
  0.11227375396575162     
  0.11166331589667884     
  0.11105123415579728     
  0.11043751859196788     
  0.10982217875471062     
  0.10920522391302506     
  0.10858666307318984     
  0.10796650499631111     
  0.10734475821388546     
  0.10672143104357440     
  0.10609653160345485     
  0.10547006782555142     
  0.10484204746932535     
  0.10421247813340162     
  0.10358136726773673     
  0.10294872218445238     
  0.10231455006809591     
  0.10167885798601485     
  0.10104165289755489     
  0.10040294166276087     
   9.9762731051346837E-002
   9.9121027750116622E-002
   9.8477838371075779E-002
   9.7833169458442587E-002
   9.7187027495247089E-002
   9.6539418910328176E-002
   9.5890350083872464E-002
   9.5239827353753262E-002
   9.4587857020823285E-002
   9.3934445353917734E-002
   9.3279598595337604E-002
   9.2623322964938790E-002
   9.1965624665104537E-002
   9.1306509884724621E-002
   9.0645984802945806E-002
   8.9984055593397713E-002
   8.9320728427567345E-002
   8.8656009477931008E-002
   8.7989904921688220E-002
   8.7322420943169568E-002
   8.6653563737230488E-002
   8.5983339511721504E-002
   8.5311754489806810E-002
   8.4638814912915625E-002
   8.3964527042392795E-002
   8.3288897162183143E-002
   8.2611931580613585E-002
   8.1933636632052997E-002
   8.1254018679241674E-002
   8.0573084114344579E-002
   7.9890839361104790E-002
   7.9207290876062486E-002
   7.8522445149710143E-002
   7.7836308708262664E-002
   7.7148888114632913E-002
   7.6460189969324979E-002
   7.5770220912046271E-002
   7.5078987622052284E-002
   7.4386496819614942E-002
   7.3692755266626039E-002
   7.2997769767132570E-002
   7.2301547168611952E-002
   7.1604094361983256E-002
   7.0905418282767307E-002
   7.0205525911411923E-002
   6.9504424273533774E-002
   6.8802120440925527E-002
   6.8098621531308162E-002
   6.7393934709250314E-002
   6.6688067186234268E-002
   6.5981026220678154E-002
   6.5272819118653111E-002
   6.4563453233828352E-002
   6.3852935967376526E-002
   6.3141274768664102E-002
   6.2428477134676127E-002
   6.1714550610640323E-002
   6.0999502789797891E-002
   6.0283341313150544E-002
   5.9566073869997183E-002
   5.8847708197201316E-002
   5.8128252079677513E-002
   5.7407713350021580E-002
   5.6686099888114350E-002
   5.5963419621452022E-002
   5.5239680524704751E-002
   5.4514890619250793E-002
   5.3789057973526393E-002
   5.3062190702098770E-002
   5.2334296965975802E-002
   5.1605384972058063E-002
   5.0875462972569604E-002
   5.0144539265313613E-002
   4.9412622192645667E-002
   4.8679720141702472E-002
   4.7945841543761088E-002
   4.7210994873583163E-002
   4.6475188649593387E-002
   4.5738431432767929E-002
   4.5000731826783172E-002
   4.4262098477300671E-002
   4.3522540071236432E-002
   4.2782065336785330E-002
   4.2040683042664388E-002
   4.1298401997340993E-002
   4.0555231049105821E-002
   3.9811179084846653E-002
   3.9066255030097100E-002
   3.8320467848214822E-002
   3.7573826539545961E-002
   3.6826340141440407E-002
   3.6078017726967775E-002
   3.5328868404915746E-002
   3.4578901318902219E-002
   3.3828125646486983E-002
   3.3076550599135973E-002
   3.2324185420874105E-002
   3.1571039388229735E-002
   3.0817121809300921E-002
   3.0062442022809787E-002
   2.9307009397931304E-002
   2.8550833333328113E-002
   2.7793923256173594E-002
   2.7036288622039401E-002
   2.6277938913461092E-002
   2.5518883639806252E-002
   2.4759132336257553E-002
   2.3998694562784320E-002
   2.3237579903982782E-002
   2.2475797967590704E-002
   2.1713358384310821E-002
   2.0950270806739731E-002
   2.0186544908289784E-002
   1.9422190382982502E-002
   1.8657216943908823E-002
   1.7891634323003849E-002
   1.7125452269928537E-002
   1.6358680550939642E-002
   1.5591328948546109E-002
   1.4823407260357689E-002
   1.4054925297920835E-002
   1.3285892886430794E-002
