  0.94912306193611162     
  0.95279894037020674     
  0.95634020847659962     
  0.95974636594904539     
  0.96301693156957224     
  0.96615144327646774     
  0.96914945822955856     
  0.97201055287277394     
  0.97473432299398566     
  0.97732038378211439     
  0.97976836988149540     
  0.98207793544349586     
  0.98424875417537538     
  0.98628051938638495     
  0.98817294403109479     
  0.98992576074994953     
  0.99153872190703851     
  0.99301159962508301     
  0.99434418581762951     
  0.99553629221844830     
  0.99658775040813197     
  0.99749841183788823     
  0.99826814785052820     
  0.99889684969864190     
  0.99938442855996246     
  0.99973081554991472     
  0.99993596173134680     
  0.99999983812144466     
  0.99992243569582606     
  0.99970376538981576     
  0.99934385809690052     
  0.99884276466436495     
  0.99820055588610701     
  0.99741732249263704     
  0.99649317513825908     
  0.99542824438543853     
  0.99422268068635478     
  0.99287665436164729     
  0.99139035557635213     
  0.98976399431303497     
  0.98799780034212670     
  0.98609202318945999     
  0.98404693210101768     
  0.98186281600489356     
  0.97953998347047289     
  0.97707876266483851     
  0.97447950130640726     
  0.97174256661580516     
  0.96886834526398624     
  0.96585724331760536     
  0.96270968618164832     
  0.95942611853933146     
  0.95600700428927776     
  0.95245282647997742     
  0.94876408724154349     
  0.94494130771477158     
  0.94098502797751338     
  0.93689580696837516     
  0.93267422240775222     
  0.92832087071620739     
  0.92383636693021232     
  0.91922134461525351     
  0.91447645577632330     
  0.90960237076580630     
  0.90459977818877246     
  0.89946938480569016     
  0.89421191543257850     
  0.88882811283860419     
  0.88331873764114466     
  0.87768456819832985     
  0.87192640049907477     
  0.86604504805062443     
  0.86004134176362168     
  0.85391612983471832     
  0.84767027762674130     
  0.84130466754643707     
  0.83482019891980452     
  0.82821778786504008     
  0.82149836716310909     
  0.81466288612596449     
  0.80771231046242931     
  0.80064762214175922     
  0.79346981925491589     
  0.78617991587355496     
  0.77877894190675956     
  0.77126794295553547     
  0.76364798016509194     
  0.75592013007492176     
  0.74808548446671042     
  0.74014515021008997     
  0.73210024910626259     
  0.72395191772951251     
  0.71570130726663317     
  0.70734958335428844     
  0.69889792591433286     
  0.69034752898711305     
  0.68169960056277712     
  0.67295536241060883     
  0.66411604990641870     
  0.65518291185801081     
  0.64615721032875384     
  0.63704022045927744     
  0.62783323028732207     
  0.61853754056576482     
  0.60915446457885503     
  0.59968532795666951     
  0.59013146848783271     
  0.58049423593051486     
  0.57077499182173841     
  0.56097510928502325     
  0.55109597283639222     
  0.54113897818876933     
  0.53110553205479383     
  0.52099705194808321     
  0.51081496598296572     
  0.50056071267272206     
  0.49023574072634973     
  0.47984150884389398     
  0.46937948551036307     
  0.45885114878826322     
  0.44825798610877826     
  0.43760149406162896     
  0.42688317818363480     
  0.41610455274601454     
  0.40526714054045210     
  0.39437247266395659     
  0.38342208830255309     
  0.37241753451382525     
  0.36136036600835220     
  0.35025214493005852     
  0.33909444063551658     
  0.32788882947223036     
  0.31663689455593108     
  0.30534022554691498     
  0.29400041842545999     
  0.28261907526634622     
  0.27119780401251625     
  0.25973821824790810     
  0.24824193696948946     
  0.23671058435852729     
  0.22514578955112596     
  0.21354918640806403     
  0.20192241328396510     
  0.19026711279583275     
  0.17858493159098424     
  0.16687752011441070     
  0.15514653237560944     
  0.14339362571490347     
  0.13162046056929577     
  0.11982870023788458     
  0.10802001064687436     
   9.6196060114216164E-002
   8.4358519113908126E-002
   7.2509060039994827E-002
   6.0649356970292334E-002
   4.8781085429875921E-002
   3.6905922154365507E-002
   2.5025544853035542E-002
   1.3141631971793855E-002
   1.2558624560499167E-003
  -1.0630084486483116E-002
  -2.2514529623026303E-002
  -3.4395793932972096E-002
  -4.6272198845099699E-002
  -5.8142066474714815E-002
  -7.0003719860705971E-002
  -8.1855483202458293E-002
  -9.3695682096611721E-002
 -0.10552264377361810     
 -0.11733469733406765     
 -0.12913017398475191     
 -0.14090740727442905     
 -0.15266473332925831     
 -0.16440049108786961     
 -0.17611302253603711     
 -0.18780067294092062     
 -0.19946179108484560     
 -0.21109472949858271     
 -0.22269784469410583     
 -0.23426949739677425     
 -0.24580805277693404     
 -0.25731188068088279     
 -0.26877935586117391     
 -0.28020885820623337     
 -0.29159877296924364     
 -0.30294749099627555     
 -0.31425340895362686     
 -0.32551492955433897     
 -0.33673046178386151     
 -0.34789842112482666     
 -0.35901722978090900     
 -0.37008531689973478     
 -0.38110111879481195     
 -0.39206307916644123     
 -0.40296964932159363     
 -0.41381928839270388     
 -0.42461046355536514     
 -0.43534165024488392     
 -0.44601133237166768     
 -0.45661800253541784     
 -0.46716016223809181     
 -0.47763632209561080     
 -0.48804500204827739     
 -0.49838473156987728     
 -0.50865404987543072     
 -0.51885150612757591     
 -0.52897565964153659     
 -0.53902508008866279     
 -0.54899834769850475     
 -0.55889405345939791     
 -0.56871079931752577     
 -0.57844719837443381     
 -0.58810187508297262     
 -0.59767346544162869     
 -0.60716061718723313     
 -0.61656198998600598     
 -0.62587625562291704     
 -0.63510209818933483     
 -0.64423821426893590     
 -0.65328331312185262     
 -0.66223611686702388     
 -0.67109536066273356     
 -0.67985979288530851     
 -0.68852817530594279     
 -0.69709928326563531     
 -0.70557190584820906     
 -0.71394484605138531     
 -0.72221692095589651     
 -0.73038696189260743     
 -0.73845381460762349     
 -0.74641633942536223     
 -0.75427341140956439     
 -0.76202392052222634     
 -0.76966677178042142     
 -0.77720088541100107     
 -0.78462519700314159     
 -0.79193865765872340     
 -0.79914023414051949     
 -0.80622890901816846     
 -0.81320368081191674     
 -0.82006356413410542     
 -0.82680758982838598     
 -0.83343480510664114     
 -0.83994427368359348     
 -0.84633507590908219     
 -0.85260630889799149     
 -0.85875708665780814     
 -0.86478654021379386     
 -0.87069381773175292     
 -0.87647808463837840     
 -0.88213852373915946     
 -0.88767433533383444     
 -0.89308473732937044     
 -0.89836896535045696     
 -0.90352627284749687     
 -0.90855593120207623     
 -0.91345722982990474     
 -0.91822947628120410     
 -0.92287199633853889     
 -0.92738413411206677     
 -0.93176525213220385     
 -0.93601473143968439     
 -0.94013197167300699     
 -0.94411639115325385     
 -0.94796742696626812     
 -0.95168453504218253     
 -0.95526719023228557     
 -0.95871488638321289     
 -0.96202713640845616     
 -0.96520347235717907     
 -0.96824344548032781     
 -0.97114662629402992     
 -0.97391260464027207     
 -0.97654098974484582     
 -0.97903141027255625     
 -0.98138351437968385     
 -0.98359696976369171     
 -0.98567146371017433     
 -0.98760670313703602     
 -0.98940241463589818     
 -0.99105834451072594     
 -0.99257425881366990     
 -0.99394994337811760     
 -0.99518520384895182     
 -0.99627986571000771     
 -0.99723377430872906     
 -0.99804679487801695     
 -0.99871881255526906     
 -0.99924973239860926     
 -0.99963947940029818     
 -0.99988799849733212     
 -0.99999525457922178     
 -0.99996123249295255     
 -0.99978593704512519     
 -0.99946939300127680     
 -0.99901164508238249     
 -0.99841275795853668     
 -0.99767281623981641     
 -0.99679192446432840     
 -0.99577020708343977     
 -0.99460780844419527     
 -0.99330489276892475     
 -0.99186164413204148     
 -0.99027826643403671     
 -0.98855498337267278     
 -0.98669203841137887     
 -0.98468969474485579     
 -0.98254823526189106     
 -0.98026796250539328     
 -0.97784919862964892     
 -0.97529228535480983     
 -0.97259758391861317     
 -0.96976547502534849     
 -0.96679635879207104     
 -0.96369065469207371     
 -0.96044880149562473     
 -0.95707125720797859     
 -0.95355849900466971     
 -0.94991102316409715     
 -0.94612934499741141     
 -0.94221399877571166     
 -0.93816553765456501     
 -0.93398453359585687     
 -0.92967157728698435     
 -0.92522727805740568     
 -0.92065226379255471     
 -0.91594718084513316     
 -0.91111269394379490     
 -0.90614948609923529     
 -0.90105825850769339     
 -0.89583973045189091     
 -0.89049463919941063     
 -0.88502373989853644     
 -0.87942780547156818     
 -0.87370762650562206     
 -0.86786401114093914     
 -0.86189778495671121     
 -0.85580979085444420     
 -0.84960088893887431     
 -0.84327195639645325     
 -0.83682388737141966     
 -0.83025759283947687     
 -0.82357400047909024     
 -0.81677405454042573     
 -0.80985871571194801     
 -0.80282896098469547     
 -0.79568578351425145     
 -0.78843019248043311     
 -0.78106321294471392     
 -0.77358588570540743     
 -0.76599926715062150     
 -0.75830442910901497     
 -0.75050245869836840     
 -0.74259445817200076     
 -0.73458154476304172     
 -0.72646485052659182     
 -0.71824552217978521     
 -0.70992472093978509     
 -0.70150362235972696     
 -0.69298341616263759     
 -0.68436530607335322     
 -0.67565050964845741     
 -0.66684025810426839     
 -0.65793579614289166     
 -0.64893838177637120     
 -0.63984928614895953     
 -0.63066979335753004     
 -0.62140120027016332     
 -0.61204481634292640     
 -0.60260196343487349     
 -0.59307397562129660     
 -0.58346219900524809     
 -0.57376799152736502     
 -0.56399272277402079     
 -0.55413777378383178     
 -0.54420453685254577     
 -0.53419441533633982     
 -0.52410882345355547     
 -0.51394918608490092     
 -0.50371693857214361     
 -0.49341352651532855     
 -0.48304040556854444     
 -0.47259904123427154     
 -0.46209090865633595     
 -0.45151749241150363     
 -0.44088028629974224     
 -0.43018079313317670     
 -0.41942052452377504     
 -0.40860100066978922     
 -0.39772375014098349     
 -0.38679030966267980     
 -0.37580222389865020     
 -0.36476104523289005     
 -0.35366833355029775     
 -0.34252565601629670     
 -0.33133458685542755     
 -0.32009670712894395     
 -0.30881360451144169     
 -0.29748687306655464     
 -0.28611811302174600     
 -0.27470893054223083     
 -0.26326093750405943     
 -0.25177575126639212     
 -0.24025499444300155     
 -0.22870029467303191     
 -0.21711328439104616     
 -0.20549560059639999     
 -0.19384888462196703     
 -0.18217478190225311     
 -0.17047494174093261     
 -0.15875101707783459     
 -0.14700466425541953     
 -0.13523754278477135     
 -0.12345131511114571     
 -0.11164764637909905     
  -9.9828204197241116E-002
  -8.7994658402635845E-002
  -7.6148680824889486E-002
  -6.4291945049956334E-002
  -5.2426126183696471E-002
  -4.0552900615217324E-002
  -2.8673945780038179E-002
  -1.6790939923101544E-002
  -4.9055618616734020E-003
   6.9805092518366862E-003
   1.8865594167107202E-002
   3.0748013773144345E-002
   4.2626089335507156E-002
   5.4498142733474815E-002
   6.6362496697131637E-002
   7.8217475044329854E-002
   9.0061402917496772E-002
  0.10189260702025772     
  0.11370941585383842     
  0.12551015995321121     
  0.13729317212295455     
  0.14905678767279473     
  0.16079934465278894     
  0.17251918408812542     
  0.18421465021349978     
  0.19588409070704141     
  0.20752585692375025     
  0.21913830412841603     
  0.23071979172798512     
  0.24226868350334013     
  0.25378334784046347     
  0.26526215796095143     
  0.27670349215184159     
  0.28810573399472833     
  0.29946727259412537     
  0.31078650280505615     
  0.32206182545982204     
  0.33329164759393365     
  0.34447438267116304     
  0.35560845080768572     
  0.36669227899528672     
  0.37772430132359264     
  0.38870295920130116     
  0.39962670157637947     
  0.41049398515519009     
  0.42130327462053141     
  0.43205304284854218     
  0.44274177112445101     
  0.45336794935714209     
  0.46393007629249472     
  0.47442665972548437     
  0.48485621671099288     
  0.49521727377332353     
  0.50550836711436664     
  0.51572804282040907     
  0.52587485706753490     
  0.53594737632561251     
  0.54594417756081914     
  0.55586384843668679     
  0.56570498751363518     
  0.57546620444696517     
  0.58514612018328493     
  0.59474336715534171     
  0.60425658947523020     
  0.61368444312594883     
  0.62302559615128428     
  0.63227872884398584     
  0.64144253393221318     
  0.65051571676422648     
  0.65949699549129348     
  0.66838510124878570     
  0.67717877833544549     
  0.68587678439078603     
  0.69447789057061471     
  0.70298088172063955     
  0.71138455654814636     
  0.71968772779171564     
  0.72788922238895759     
  0.73598788164224072     
  0.74398256138239161     
  0.75187213213034199     
  0.75965547925669941     
  0.76733150313922116     
  0.77489911931816902     
  0.78235725864951766     
  0.78970486745600466     
  0.79694090767599135     
  0.80406435701011947     
  0.81107420906574035     
  0.81796947349909710     
  0.82474917615523857     
  0.83141235920564749     
  0.83795808128356164     
  0.84438541761696784     
  0.85069346015925373     
  0.85688131771749498     
  0.86294811607836264     
  0.86889299813163068     
  0.87471512399126639     
  0.88041367111409063     
  0.88598783441598428     
  0.89143682638562982     
  0.89675987719577044     
  0.90195623481196974     
  0.90702516509885889     
  0.91196595192385421     
  0.91677789725833136     
  0.92146032127624200     
  0.92601256245015917     
  0.93043397764473690     
  0.93472394220757160     
  0.93888185005745206     
  0.94290711376998659     
  0.94679916466059266     
  0.95055745286484095     
  0.95418144741613853     
  0.95767063632074456     
  0.96102452663010263     
  0.96424264451048525     
  0.96732453530993590     
  0.97026976362250172     
  0.97307791334974736     
  0.97574858775954076     
  0.97828140954210308     
  0.98067602086331451     
  0.98293208341526861     
  0.98504927846406842     
  0.98702730689485640     
  0.98886588925407304     
  0.99056476578893815     
  0.99212369648414778     
  0.99354246109578392     
  0.99482085918243024     
  0.99595871013348947     
  0.99695585319470104     
  0.99781214749085101     
  0.99852747204567616     
  0.99910172579895395     
  0.99953482762078094     
  0.99982671632303499     
  0.99997735066801918     
  0.99998670937428813     
  0.99985479111965470     
  0.99958161454137673     
  0.99916721823352395     
  0.99861166074152530     
  0.99791502055389836     
  0.99707739609115942     
  0.99609890569191972     
  0.99497968759616662     
  0.99371989992573284     
  0.99231972066195717     
  0.99077934762053999     
  0.98909899842359539     
  0.98727891046890648     
  0.98531934089638551     
  0.98322056655174594     
  0.98098288394738953     
  0.97860660922051568     
  0.97609207808845799     
  0.97343964580125475     
  0.97064968709145860     
  0.96772259612119549     
  0.96465878642647873     
  0.96145869085878344     
  0.95812276152389453     
  0.95465146971803438     
  0.95104530586127722     
  0.94730477942826530     
  0.94343041887622803     
  0.93942277157032483     
  0.93528240370631244     
  0.93100990023055408     
  0.92660586475737849     
  0.92207091948380260     
  0.91740570510162767     
  0.91261088070692342     
  0.90768712370691129     
  0.90263512972426185     
  0.89745561249881789     
  0.89214930378675694     
  0.88671695325721123     
  0.88115932838635447     
  0.87547721434897352     
  0.86967141390754055     
  0.86374274729879885     
  0.85769205211788135     
  0.85152018319997547     
  0.84522801249955415     
  0.83881642896718633     
  0.83228633842394673     
  0.82563866343344294     
  0.81887434317147745     
  0.81199433329336035     
  0.80499960579889684     
  0.79789114889506330     
  0.79066996685639523     
  0.78333707988310464     
  0.77589352395694644     
  0.76834035069485696     
  0.76067862720038171     
  0.75290943591291848     
  0.74503387445478864     
  0.73705305547616784     
  0.72896810649789301     
  0.72078016975216552     
  0.71249040202117908     
  0.70409997447369133     
  0.69561007249956097     
  0.68702189554227866     
  0.67833665692951095     
  0.66955558370168122     
  0.66067991643861723     
  0.65171090908428142     
  0.64264982876961585     
  0.63349795563352396     
  0.62425658264201322     
  0.61492701540552663     
  0.60551057199448854     
  0.59600858275308688     
  0.58642239011132613     
  0.57675334839536985     
  0.56700282363620058     
  0.55717219337663326     
  0.54726284647669310     
  0.53727618291740098     
  0.52721361360298624     
  0.51707656016155434     
  0.50686645474424263     
  0.49658473982288615     
  0.48623286798622756     
  0.47581230173469757     
  0.46532451327379321     
  0.45477098430608770     
  0.44415320582189632     
  0.43347267788863231     
  0.42273090943887703     
  0.41192941805720146     
  0.40106972976576355     
  0.39015337880871170     
  0.37918190743543140     
  0.36815686568265554     
  0.35707981115547843     
  0.34595230880729833     
  0.33477593071872397     
  0.32355225587547076     
  0.31228286994528542     
  0.30096936505392380     
  0.28961333956021723     
  0.27821639783025842     
  0.26678015001073835     
  0.25530621180146690     
  0.24379620422710821     
  0.23225175340816473     
  0.22067449033123970     
  0.20906605061861527     
  0.19742807429717171     
  0.18576220556668696     
  0.17407009256754657     
  0.16235338714789530     
  0.15061374463026739     
  0.13885282357772286     
  0.12707228555952887     
  0.11527379491641443     
  0.10345901852543507     
   9.1629625564476763E-002
   7.9787287276438745E-002
   6.7933676733120563E-002
   5.6070468598852230E-002
   4.4199338893901485E-002
   3.2321964757685673E-002
   2.0440024211827834E-002
   8.5551959230887320E-003
  -3.3308410337940519E-003
  -1.5216407413324142E-002
  -2.7099824036487478E-002
  -3.8979412027985057E-002
  -5.0853493053422689E-002
  -6.2720389556423228E-002
  -7.4578424995631609E-002
  -8.6425924081573402E-002
  -9.8261213013336790E-002
 -0.11008261971504757     
 -0.12188847407209635     
 -0.13367710816709136     
 -0.14544685651549893     
 -0.15719605630094169     
 -0.16892304761011998     
 -0.18062617366732103     
 -0.19230378106848833     
 -0.20395422001481051     
 -0.21557584454580442     
 -0.22716701277185336     
 -0.23872608710617282     
 -0.25025143449616538     
 -0.26174142665413785     
 -0.27319444028734274     
 -0.28460885732731550     
 -0.29598306515847322     
 -0.30731545684594447     
 -0.31860443136259287     
 -0.32984839381520975     
 -0.34104575566983908     
 -0.35219493497620241     
 -0.36329435659119569     
 -0.37434245240142522     
 -0.38533766154474569     
 -0.39627843063077972     
 -0.40716321396037713     
 -0.41799047374399079     
 -0.42875868031893427     
 -0.43946631236548828     
 -0.45011185712183344     
 -0.46069381059777015     
 -0.47121067778720166     
 -0.48166097287934578     
 -0.49204321946864926     
 -0.50235595076337181     
 -0.51259770979281327     
 -0.52276704961315290     
 -0.53286253351187240     
 -0.54288273521073094     
 -0.55282623906727058     
 -0.56269164027481389     
 -0.57247754506093707     
 -0.58218257088437730     
 -0.59180534663035822     
 -0.60134451280429724     
 -0.61079872172387717     
 -0.62016663770944169     
 -0.62944693727270062     
 -0.63863830930370946     
 -0.64773945525610344     
 -0.65674908933055220     
 -0.66566593865641710     
 -0.67448874347158250     
 -0.68321625730043045     
 -0.69184724712994350     
 -0.70038049358390286     
 -0.70881479109515988     
 -0.71714894807595819     
 -0.72538178708627843     
 -0.73351214500018780     
 -0.74153887317016209     
 -0.74946083758936810     
 -0.75727691905187378     
 -0.76498601331076721     
 -0.77258703123416506     
 -0.78007889895908311     
 -0.78746055804315063     
 -0.79473096561414502     
 -0.80188909451732826     
 -0.80893393346056353     
 -0.81586448715718574     
 -0.82267977646661883     
 -0.82937883853270389     
 -0.83596072691973289     
 -0.84242451174615862     
 -0.84876927981596817     
 -0.85499413474769725     
 -0.86109819710107116     
 -0.86708060450124946     
 -0.87294051176066301     
 -0.87867709099841962     
 -0.88428953175726766     
 -0.88977704111809475     
 -0.89513884381195152     
 -0.90037418232958100     
 -0.90548231702843784     
 -0.91046252623718427     
 -0.91531410635764721     
 -0.92003637196422217     
 -0.92462865590070864     
 -0.92909030937456571     
 -0.93342070204857230     
 -0.93761922212988102     
 -0.94168527645645062     
 -0.94561829058084867     
 -0.94941770885140708     
 -0.95308299449072564     
 -0.95661362967150587     
 -0.96000911558971014     
 -0.96326897253503141     
 -0.96639273995866659     
 -0.96937997653838193     
 -0.97223026024086290     
 -0.97494318838133831     
 -0.97751837768047156     
 -0.97995546431850911     
 -0.98225410398668112     
 -0.98441397193584501     
 -0.98643476302236544     
 -0.98831619175122487     
 -0.99005799231635738     
 -0.99165991863820224     
 -0.99312174439846890     
 -0.99444326307211206     
 -0.99562428795650815     
 -0.99666465219783318     
 -0.99756420881463559     
 -0.99832283071860117     
 -0.99894041073250839     
 -0.99941686160537013     
 -0.99975211602476055     
 -0.99994612662632465     
 -0.99999886600046983     
 -0.99991032669623858     
 -0.99968052122236106     
 -0.99930948204548753     
 -0.99879726158560234     
 -0.99814393220861686     
 -0.99734958621614667     
 -0.99641433583247130     
 -0.99533831318867860     
 -0.99412167030399778     
 -0.99276457906432269     
 -0.99126723119792759     
 -0.98962983824838002     
 -0.98785263154465419     
 -0.98593586216844897     
 -0.98387980091871607     
 -0.98168473827340041     
 -0.97935098434840351     
 -0.97687886885376918     
 -0.97426874104710370     
 -0.97152096968423174     
 -0.96863594296710032     
 -0.96561406848893361     
 -0.96245577317664788     
 -0.95916150323053695     
 -0.95573172406123252     
 -0.95216692022395266     
 -0.94846759535004288     
 -0.94463427207582540     
 -0.94066749196875965     
 -0.93656781545093271     
 -0.93233582171988116     
 -0.92797210866676472     
 -0.92347729279189494     
 -0.91885200911763865     
 -0.91409691109870117     
 -0.90921267052980859     
 -0.90419997745079494     
 -0.89905954004911726     
 -0.89379208455980153     
 -0.88839835516284116     
 -0.88287911387806139     
 -0.87723514045746043     
 -0.87146723227504852     
 -0.86557620421419479     
 -0.85956288855250140     
 -0.85342813484422098     
 -0.84717280980023291     
 -0.84079779716559411     
 -0.83430399759468588     
 -0.82769232852396946     
 -0.82096372404237183     
 -0.81411913475932018     
 -0.80715952767043841     
 -0.80008588602093356     
 -0.79289920916668200     
 -0.78560051243304341     
 -0.77819082697141506     
 -0.77067119961355379     
 -0.76304269272367842     
 -0.75530638404838368     
 -0.74746336656437351     
 -0.73951474832404895     
 -0.73146165229896387     
 -0.72330521622117128     
 -0.71504659242248703     
 -0.70668694767169027     
 -0.69822746300968230     
 -0.68966933358263105     
 -0.68101376847312245     
 -0.67226199052934255     
 -0.66341523619231491     
 -0.65447475532121735     
 -0.64544181101680365     
 -0.63631767944295403     
 -0.62710364964638143     
 -0.61780102337451281     
 -0.60841111489158439     
 -0.59893525079296139     
 -0.58937476981771708     
 -0.57973102265950105     
 -0.57000537177571131     
 -0.56019919119500894     
 -0.55031386632319734     
 -0.54035079374749351     
 -0.53031138103922015     
 -0.52019704655494436     
 -0.51000921923609510     
 -0.49974933840708330     
 -0.48941885357195741     
 -0.47901922420961618     
 -0.46855191956761838     
 -0.45801841845460656     
 -0.44742020903138402     
 -0.43675878860066975     
 -0.42603566339555921     
 -0.41525234836672803     
 -0.40441036696839916     
 -0.39351125094311273     
 -0.38255654010532264     
 -0.37154778212385253     
 -0.36048653230324434     
 -0.34937435336402684     
 -0.33821281522193369     
 -0.32700349476611135     
 -0.31574797563633439     
 -0.30444784799927382     
 -0.29310470832383767     
 -0.28172015915562548     
 -0.27029580889052107     
 -0.25883327154746211     
 -0.24733416654041107     
 -0.23580011844956844     
 -0.22423275679185276     
 -0.21263371579068430     
 -0.20100463414510505     
 -0.18934715479826289     
 -0.17766292470530132     
 -0.16595359460067730     
 -0.15422081876494911     
 -0.14246625479105959     
 -0.13069156335015567     
 -0.11889840795696838     
 -0.10708845473479536     
  -9.5263372180111286E-002
  -8.3424830926845647E-002
  -7.1574503510357143E-002
  -5.9714064131140554E-002
  -4.7845188418296491E-002
  -3.5969553192800215E-002
  -2.4088836230604985E-002
  -1.2204716025603468E-002
  -3.1887155249693544E-004
   1.1567017970412319E-002
   2.3451273318456756E-002
   3.5332215497843100E-002
   4.7208165982859193E-002
   5.9077446953013701E-002
   7.0938381530076089E-002
   8.2789294014984194E-002
   9.4628510124586895E-002
  0.10645435722818149     
  0.11826516458382508     
  0.13005926357436998     
  0.14183498794321056     
  0.15359067402968338     
  0.16532466100411117     
  0.17703529110244293     
  0.18872090986045748     
  0.20037986634751126     
  0.21201051339977120     
  0.22361120785293009     
  0.23518031077434826     
  0.24671618769460185     
  0.25821720883839772     
  0.26968174935482558     
  0.28110818954691674     
  0.29249491510047193     
  0.30384031731212890     
  0.31514279331664052     
  0.32640074631332333     
  0.33761258579165337     
  0.34877672775597107     
  0.35989159494926493     
  0.37095561707600749     
  0.38196723102400248     
  0.39292488108521989     
  0.40382701917558667     
  0.41467210505369390     
  0.42545860653840467     
  0.43618499972531732     
  0.44684976920205971     
  0.45745140826238634     
  0.46798841911904404     
  0.47845931311537626     
  0.48886261093564043     
  0.49919684281400306     
  0.50946054874218705     
  0.51965227867573904     
  0.52977059273889127     
