   5.0085358453953855E-009
   4.9812042071488413E-009
   4.9417957419874992E-009
   4.8902737472286437E-009
   4.8266048442861521E-009
   4.7507589891395230E-009
   4.6627094821020203E-009
   4.5624329768851438E-009
   4.4499094889577355E-009
   4.3251224031986288E-009
   4.1880584808402757E-009
   4.0387078657024028E-009
   3.8770640897147655E-009
   3.7031240777265378E-009
   3.5168881516026046E-009
   3.3183600336046521E-009
   3.1075468490565549E-009
   2.8844591282937889E-009
   2.6491108078952069E-009
   2.4015192311976131E-009
   2.1417051480920568E-009
   1.8696927141025051E-009
   1.5855094887451710E-009
   1.2891864331705578E-009
   9.8075790708652371E-010
   6.6026166496367791E-010
   3.2773885152331596E-010
  -1.6766003491727167E-011
  -3.7320499126282563E-010
  -7.4152683055654879E-010
  -1.1216768751004948E-009
  -1.5135971216724335E-009
  -1.9172262189023703E-009
  -2.3324994767850944E-009
  -2.7593488769026201E-009
  -3.1977030833546160E-009
  -3.6474874543951061E-009
  -4.1086240547735111E-009
  -4.5810316687782506E-009
  -5.0646258139804616E-009
  -5.5593187556760160E-009
  -6.0650195220229539E-009
  -6.5816339198721669E-009
  -7.1090645512886432E-009
  -7.6472108307601090E-009
  -8.1959690030909153E-009
  -8.7552321619771733E-009
  -9.3248902692607646E-009
  -9.9048301748585373E-009
  -1.0494935637363346E-008
  -1.1095087345313344E-008
  -1.1705162939125632E-008
  -1.2325037033691227E-008
  -1.2954581241626180E-008
  -1.3593664197175979E-008
  -1.4242151580768196E-008
  -1.4899906144209640E-008
  -1.5566787736523061E-008
  -1.6242653330419268E-008
  -1.6927357049399810E-008
  -1.7620750195485353E-008
  -1.8322681277564973E-008
  -1.9032996040361144E-008
  -1.9751537494005608E-008
  -2.0478145944220174E-008
  -2.1212659023097927E-008
  -2.1954911720478580E-008
  -2.2704736415912903E-008
  -2.3461962911209920E-008
  -2.4226418463561656E-008
  -2.4997927819239080E-008
  -2.5776313247852930E-008
  -2.6561394577174185E-008
  -2.7352989228506497E-008
  -2.8150912252605693E-008
  -2.8954976366138286E-008
  -2.9764991988674263E-008
  -3.0580767280204967E-008
  -3.1402108179182091E-008
  -3.2228818441068345E-008
  -3.3060699677394384E-008
  -3.3897551395314223E-008
  -3.4739171037651967E-008
  -3.5585354023432661E-008
  -3.6435893788890017E-008
  -3.7290581828942913E-008
  -3.8149207739133870E-008
  -3.9011559258020914E-008
  -3.9877422310016093E-008
  -4.0746581048661847E-008
  -4.1618817900337771E-008
  -4.2493913608389658E-008
  -4.3371647277672517E-008
  -4.4251796419499571E-008
  -4.5134136996989089E-008
  -4.6018443470799813E-008
  -4.6904488845247949E-008
  -4.7792044714795781E-008
  -4.8680881310904492E-008
  -4.9570767549241365E-008
  -5.0461471077233654E-008
  -5.1352758321959558E-008
  -5.2244394538368173E-008
  -5.3136143857818161E-008
  -5.4027769336927738E-008
  -5.4919033006725717E-008
  -5.5809695922094698E-008
  -5.6699518211497513E-008
  -5.7588259126977213E-008
  -5.8475677094421866E-008
  -5.9361529764083928E-008
  -6.0245574061345262E-008
  -6.1127566237718503E-008
  -6.2007261922074707E-008
  -6.2884416172087802E-008
  -6.3758783525886337E-008
  -6.4630118053903081E-008
  -6.5498173410911830E-008
  -6.6362702888242650E-008
  -6.7223459466165128E-008
  -6.8080195866429754E-008
  -6.8932664604957811E-008
  -6.9780618044669750E-008
  -7.0623808448441731E-008
  -7.1461988032180599E-008
  -7.2294909018007736E-008
  -7.3122323687540103E-008
  -7.3943984435260531E-008
  -7.4759643821965501E-008
  -7.5569054628280618E-008
  -7.6371969908234106E-008
  -7.7168143042877929E-008
  -7.7957327793945312E-008
  -7.8739278357536449E-008
  -7.9513749417819948E-008
  -8.0280496200741251E-008
  -8.1039274527727536E-008
  -8.1789840869377645E-008
  -8.2531952399128726E-008
  -8.3265367046887157E-008
  -8.3989843552615478E-008
  -8.4705141519863161E-008
  -8.5411021469232330E-008
  -8.6107244891767434E-008
  -8.6793574302258300E-008
  -8.7469773292447560E-008
  -8.8135606584130149E-008
  -8.8790840082136844E-008
  -8.9435240927189134E-008
  -9.0068577548617825E-008
  -9.0690619716932825E-008
  -9.1301138596234925E-008
  -9.1899906796459732E-008
  -9.2486698425442523E-008
  -9.3061289140794682E-008
  -9.3623456201581074E-008
  -9.4172978519788841E-008
  -9.4709636711576757E-008
  -9.5233213148295532E-008
  -9.5743492007269062E-008
  -9.6240259322326232E-008
  -9.6723303034073885E-008
  -9.7192413039900536E-008
  -9.7647381243701060E-008
  -9.8088001605312602E-008
  -9.8514070189651875E-008
  -9.8925385215543919E-008
  -9.9321747104232754E-008
  -9.9702958527564528E-008
  -1.0006882445583207E-007
  -1.0041915220527414E-007
  -1.0075375148521680E-007
  -1.0107243444484874E-007
  -1.0137501571962213E-007
  -1.0166131247726751E-007
  -1.0193114446341557E-007
  -1.0218433404681432E-007
  -1.0242070626413513E-007
  -1.0264008886435615E-007
  -1.0284231235271493E-007
  -1.0302721003422228E-007
  -1.0319461805672648E-007
  -1.0334437545352050E-007
  -1.0347632418548352E-007
  -1.0359030918274619E-007
  -1.0368617838587358E-007
  -1.0376378278655589E-007
  -1.0382297646779792E-007
  -1.0386361664360020E-007
  -1.0388556369812318E-007
  -1.0388868122432500E-007
  -1.0387283606206676E-007
  -1.0383789833567541E-007
  -1.0378374149095755E-007
  -1.0371024233165566E-007
  -1.0361728105533899E-007
  -1.0350474128872169E-007
  -1.0337251012240051E-007
  -1.0322047814500440E-007
  -1.0304853947674877E-007
  -1.0285659180238742E-007
  -1.0264453640355400E-007
  -1.0241227819048692E-007
  -1.0215972573313046E-007
  -1.0188679129160458E-007
  -1.0159339084603749E-007
  -1.0127944412575342E-007
  -1.0094487463781069E-007
  -1.0058960969488092E-007
  -1.0021358044246551E-007
  -9.9816721885441994E-008
  -9.9398972913934223E-008
  -9.8960276328500833E-008
  -9.8500578864635477E-008
  -9.8019831216572808E-008
  -9.7517988060396529E-008
  -9.6995008076440851E-008
  -9.6450853970982604E-008
  -9.5885492497217339E-008
  -9.5298894475514540E-008
  -9.4691034812947112E-008
  -9.4061892522089950E-008
  -9.3411450739082297E-008
  -9.2739696740951035E-008
  -9.2046621962187598E-008
  -9.1332222010576435E-008
  -9.0596496682269791E-008
  -8.9839449976104425E-008
  -8.9061090107156247E-008
  -8.8261429519530166E-008
  -8.7440484898378923E-008
  -8.6598277181150573E-008
  -8.5734831568056970E-008
  -8.4850177531764785E-008
  -8.3944348826300974E-008
  -8.3017383495173166E-008
  -8.2069323878700186E-008
  -8.1100216620550493E-008
  -8.0110112673485310E-008
  -7.9099067304305272E-008
  -7.8067140097995728E-008
  -7.7014394961071591E-008
  -7.5940900124116452E-008
  -7.4846728143516142E-008
  -7.3731955902383980E-008
  -7.2596664610676606E-008
  -7.1440939804497363E-008
  -7.0264871344588060E-008
  -6.9068553414005698E-008
  -6.7852084514984655E-008
  -6.6615567464982108E-008
  -6.5359109391906522E-008
  -6.4082821728528463E-008
  -6.2786820206072965E-008
  -6.1471224846993137E-008
  -6.0136159956924498E-008
  -5.8781754115820768E-008
  -5.7408140168269830E-008
  -5.6015455212991310E-008
  -5.4603840591514963E-008
  -5.3173441876041259E-008
  -5.1724408856484271E-008
  -5.0256895526697886E-008
  -4.8771060069885671E-008
  -4.7267064843196414E-008
  -4.5745076361505623E-008
  -4.4205265280384515E-008
  -4.2647806378259255E-008
  -4.1072878537759090E-008
  -3.9480664726259006E-008
  -3.7871351975615690E-008
  -3.6245131361100161E-008
  -3.4602197979529879E-008
  -3.2942750926601064E-008
  -3.1266993273425642E-008
  -2.9575132042273675E-008
  -2.7867378181525433E-008
  -2.6143946539835321E-008
  -2.4405055839511123E-008
  -2.2650928649111529E-008
  -2.0881791355265342E-008
  -1.9097874133716108E-008
  -1.7299410919595768E-008
  -1.5486639376930878E-008
  -1.3659800867385627E-008
  -1.1819140418245652E-008
  -9.9649066896471186E-009
  -8.0973519410542900E-009
  -6.2167319969925261E-009
  -4.3233062120382838E-009
  -2.4173374350733243E-009
  -4.9909197280704585E-010
   1.4311604474278889E-009
   3.3731467156017433E-009
   5.3265903776293243E-009
   7.2912116747232053E-009
   9.2667275834510859E-009
   1.1252851856493449E-008
   1.3249295064093712E-008
   1.5255764636196790E-008
   1.7271964905268351E-008
   1.9297597149789408E-008
   2.1332359638419801E-008
   2.3375947674823403E-008
   2.5428053643149329E-008
   2.7488367054161668E-008
   2.9556574592011263E-008
   3.1632360161642147E-008
   3.3715404936825855E-008
   3.5805387408816160E-008
   3.7901983435616838E-008
   4.0004866291855112E-008
   4.2113706719252907E-008
   4.4228172977688540E-008
   4.6347930896840261E-008
   4.8472643928404877E-008
   5.0601973198882224E-008
   5.2735577562917679E-008
   5.4873113657194736E-008
   5.7014235954868906E-008
   5.9158596820534194E-008
   6.1305846565714198E-008
   6.3455633504868325E-008
   6.5607604011904698E-008
   6.7761402577191143E-008
   6.9916671865053945E-008
   7.2073052771757238E-008
   7.4230184483951364E-008
   7.6387704537583086E-008
   7.8545248877256942E-008
   8.0702451916038152E-008
   8.2858946595688166E-008
   8.5014364447322844E-008
   8.7168335652482808E-008
   8.9320489104607400E-008
   9.1470452470900592E-008
   9.3617852254580508E-008
   9.5762313857501048E-008
   9.7903461643136054E-008
   1.0004091899991520E-007
   1.0217430840490215E-007
   1.0430325148780335E-007
   1.0642736909529780E-007
   1.0854628135567628E-007
   1.1065960774378079E-007
   1.1276696714623151E-007
   1.1486797792693213E-007
   1.1696225799284190E-007
   1.1904942486000320E-007
   1.2112909571981410E-007
   1.2320088750553473E-007
   1.2526441695901626E-007
   1.2731930069764040E-007
   1.2936515528146074E-007
   1.3140159728053066E-007
   1.3342824334241066E-007
   1.3544471025983981E-007
   1.3745061503856375E-007
   1.3944557496530348E-007
   1.4142920767585738E-007
   1.4340113122332220E-007
   1.4536096414642188E-007
   1.4730832553793419E-007
   1.4924283511320047E-007
   1.5116411327870960E-007
   1.5307178120074271E-007
   1.5496546087406782E-007
   1.5684477519067080E-007
   1.5870934800851357E-007
   1.6055880422030486E-007
   1.6239276982227375E-007
   1.6421087198293234E-007
   1.6601273911181684E-007
   1.6779800092819472E-007
   1.6956628852972510E-007
   1.7131723446106237E-007
   1.7305047278238834E-007
   1.7476563913786346E-007
   1.7646237082398285E-007
   1.7814030685782757E-007
   1.7979908804519599E-007
   1.8143835704860631E-007
   1.8305775845515582E-007
   1.8465693884422691E-007
   1.8623554685502502E-007
   1.8779323325393975E-007
   1.8932965100171494E-007
   1.9084445532041615E-007
   1.9233730376018417E-007
   1.9380785626576110E-007
   1.9525577524277943E-007
   1.9668072562379992E-007
   1.9808237493408736E-007
   1.9946039335711238E-007
   2.0081445379976678E-007
   2.0214423195728231E-007
   2.0344940637783747E-007
   2.0472965852684527E-007
   2.0598467285090611E-007
   2.0721413684141662E-007
   2.0841774109782237E-007
   2.0959517939049943E-007
   2.1074614872326122E-007
   2.1187034939546878E-007
   2.1296748506374171E-007
   2.1403726280325296E-007
   2.1507939316859906E-007
   2.1609359025423201E-007
   2.1707957175444398E-007
   2.1803705902289187E-007
   2.1896577713165075E-007
   2.1986545492978584E-007
   2.2073582510143167E-007
   2.2157662422336604E-007
   2.2238759282207165E-007
   2.2316847543026813E-007
   2.2391902064291119E-007
   2.2463898117264227E-007
   2.2532811390468045E-007
   2.2598617995114715E-007
   2.2661294470480995E-007
   2.2720817789223868E-007
   2.2777165362636005E-007
   2.2830315045840363E-007
   2.2880245142922728E-007
   2.2926934412001162E-007
   2.2970362070231478E-007
   2.3010507798747786E-007
   2.3047351747536725E-007
   2.3080874540245215E-007
   2.3111057278919777E-007
   2.3137881548677320E-007
   2.3161329422305909E-007
   2.3181383464794846E-007
   2.3198026737793097E-007
   2.3211242803995004E-007
   2.3221015731452657E-007
   2.3227330097813714E-007
   2.3230170994484160E-007
   2.3229524030714698E-007
   2.3225375337610321E-007
   2.3217711572061963E-007
   2.3206519920599541E-007
   2.3191788103165464E-007
   2.3173504376807799E-007
   2.3151657539292391E-007
   2.3126236932633102E-007
   2.3097232446539370E-007
   2.3064634521780305E-007
   2.3028434153464629E-007
   2.2988622894235817E-007
   2.2945192857381393E-007
   2.2898136719856129E-007
   2.2847447725217909E-007
   2.2793119686476251E-007
   2.2735146988852058E-007
   2.2673524592448565E-007
   2.2608248034832503E-007
   2.2539313433524971E-007
   2.2466717488401351E-007
   2.2390457483999697E-007
   2.2310531291737022E-007
   2.2226937372032851E-007
   2.2139674776339563E-007
   2.2048743149078890E-007
   2.1954142729484191E-007
   2.1855874353347740E-007
   2.1753939454672845E-007
   2.1648340067230002E-007
   2.1539078826016844E-007
   2.1426158968621409E-007
   2.1309584336488020E-007
   2.1189359376085837E-007
   2.1065489139979175E-007
   2.0937979287799589E-007
   2.0806836087119055E-007
   2.0672066414224125E-007
   2.0533677754790532E-007
   2.0391678204458039E-007
   2.0246076469305109E-007
   2.0096881866223294E-007
   1.9944104323190742E-007
   1.9787754379444904E-007
   1.9627843185554008E-007
   1.9464382503387021E-007
   1.9297384705982074E-007
   1.9126862777312960E-007
   1.8952830311953669E-007
   1.8775301514640703E-007
   1.8594291199732985E-007
   1.8409814790569505E-007
   1.8221888318724126E-007
   1.8030528423157896E-007
   1.7835752349268551E-007
   1.7637577947837126E-007
   1.7436023673871815E-007
   1.7231108585348822E-007
   1.7022852341850397E-007
   1.6811275203099864E-007
   1.6596398027393874E-007
   1.6378242269931694E-007
   1.6156829981041760E-007
   1.5932183804305593E-007
   1.5704326974578925E-007
   1.5473283315910406E-007
   1.5239077239357915E-007
   1.5001733740702558E-007
   1.4761278398060652E-007
   1.4517737369393665E-007
   1.4271137389916596E-007
   1.4021505769404650E-007
   1.3768870389398797E-007
   1.3513259700310132E-007
   1.3254702718423601E-007
   1.2993229022801039E-007
   1.2728868752084207E-007
   1.2461652601197777E-007
   1.2191611817952776E-007
   1.1918778199550896E-007
   1.1643184088989818E-007
   1.1364862371370190E-007
   1.1083846470104449E-007
   1.0800170343027958E-007
   1.0513868478413031E-007
   1.0224975890886050E-007
   9.9335281172483142E-008
   9.6395612122010894E-008
   9.3431117439752572E-008
   9.0442167898661968E-008
   8.7429139316743388E-008
   8.4392412510520367E-008
   8.1332373247571273E-008
   7.8249412198141137E-008
   7.5143924885831612E-008
   7.2016311637377620E-008
   6.8866977531516787E-008
   6.5696332346958004E-008
   6.2504790509454103E-008
   5.9292771037989140E-008
   5.6060697490082504E-008
   5.2808997906221064E-008
   4.9538104753424249E-008
   4.6248454867949828E-008
   4.2940489397148788E-008
   3.9614653740476626E-008
   3.6271397489667753E-008
   3.2911174368082599E-008
   2.9534442169235443E-008
   2.6141662694510337E-008
   2.2733301690074012E-008
   1.9309828782994719E-008
   1.5871717416575271E-008
   1.2419444784909643E-008
   8.9534917666721077E-009
   5.4743428581470218E-009
   1.9824861055106332E-009
  -1.5215869636274023E-009
  -5.0373814094127395E-009
  -8.5643989496549966E-009
  -1.2102138030446623E-008
  -1.5650093897483028E-008
  -1.9207758668072324E-008
  -2.2774621403825226E-008
  -2.6350168184014769E-008
  -2.9933882179595262E-008
  -3.3525243727868586E-008
  -3.7123730407790019E-008
  -4.0728817115899298E-008
  -4.4339976142867582E-008
  -4.7956677250649718E-008
  -5.1578387750229437E-008
  -5.5204572579946035E-008
  -5.8834694384392252E-008
  -6.2468213593870131E-008
  -6.6104588504394776E-008
  -6.9743275358232980E-008
  -7.3383728424964883E-008
  -7.7025400083057442E-008
  -8.0667740901936579E-008
  -8.4310199724545974E-008
  -8.7952223750381479E-008
  -9.1593258618986242E-008
  -9.5232748493895173E-008
  -9.8870136147018240E-008
  -1.0250486304344481E-007
  -1.0613636942666212E-007
  -1.0976409440416958E-007
  -1.1338747603348028E-007
  -1.1700595140849365E-007
  -1.2061895674622650E-007
  -1.2422592747389179E-007
  -1.2782629831630753E-007
  -1.3141950338362563E-007
  -1.3500497625936655E-007
  -1.3858215008874502E-007
  -1.4215045766727395E-007
  -1.4570933152963375E-007
  -1.4925820403879080E-007
  -1.5279650747535404E-007
  -1.5632367412715428E-007
  -1.5983913637903141E-007
  -1.6334232680281769E-007
  -1.6683267824750133E-007
  -1.7030962392955664E-007
  -1.7377259752342652E-007
  -1.7722103325214322E-007
  -1.8065436597807347E-007
  -1.8407203129377240E-007
  -1.8747346561293273E-007
  -1.9085810626141529E-007
  -1.9422539156834425E-007
  -1.9757476095725708E-007
  -2.0090565503728706E-007
  -2.0421751569437325E-007
  -2.0750978618247525E-007
  -2.1078191121478234E-007
  -2.1403333705490129E-007
  -2.1726351160800851E-007
  -2.2047188451195076E-007
  -2.2365790722828116E-007
  -2.2682103313321436E-007
  -2.2996071760848762E-007
  -2.3307641813211186E-007
  -2.3616759436899742E-007
  -2.3923370826144271E-007
  -2.4227422411946641E-007
  -2.4528860871097259E-007
  -2.4827633135173194E-007
  -2.5123686399516373E-007
  -2.5416968132190594E-007
  -2.5707426082915664E-007
  -2.5995008291977320E-007
  -2.6279663099111394E-007
  -2.6561339152360700E-007
  -2.6839985416903368E-007
  -2.7115551183850891E-007
  -2.7387986079014704E-007
  -2.7657240071639465E-007
  -2.7923263483102023E-007
  -2.8186006995574168E-007
  -2.8445421660648049E-007
  -2.8701458907922701E-007
  -2.8954070553550032E-007
  -2.9203208808739136E-007
  -2.9448826288217421E-007
  -2.9690876018646862E-007
  -2.9929311446994250E-007
  -3.0164086448853796E-007
  -3.0395155336721053E-007
  -3.0622472868215952E-007
  -3.0845994254254482E-007
  -3.1065675167166973E-007
  -3.1281471748761772E-007
  -3.1493340618332985E-007
  -3.1701238880610695E-007
  -3.1905124133652644E-007
  -3.2104954476675542E-007
  -3.2300688517824999E-007
  -3.2492285381882537E-007
  -3.2679704717908439E-007
  -3.2862906706818885E-007
  -3.3041852068896574E-007
  -3.3216502071232515E-007
  -3.3386818535098747E-007
  -3.3552763843250227E-007
  -3.3714300947154173E-007
  -3.3871393374146233E-007
  -3.4024005234512067E-007
  -3.4172101228492530E-007
  -3.4315646653211870E-007
  -3.4454607409527294E-007
  -3.4588950008799002E-007
  -3.4718641579578819E-007
  -3.4843649874216954E-007
  -3.4963943275385239E-007
  -3.5079490802515550E-007
  -3.5190262118152811E-007
  -3.5296227534220645E-007
  -3.5397358018199017E-007
  -3.5493625199212570E-007
  -3.5585001374028514E-007
  -3.5671459512962946E-007
  -3.5752973265694359E-007
  -3.5829516966983516E-007
  -3.5901065642298436E-007
  -3.5967595013343175E-007
  -3.6029081503489903E-007
  -3.6085502243112771E-007
  -3.6136835074822434E-007
  -3.6183058558601028E-007
  -3.6224151976835158E-007
  -3.6260095339247647E-007
  -3.6290869387725454E-007
  -3.6316455601043829E-007
  -3.6336836199485532E-007
  -3.6351994149353795E-007
  -3.6361913167378490E-007
  -3.6366577725014763E-007
  -3.6365973052632546E-007
  -3.6360085143596819E-007
  -3.6348900758237356E-007
  -3.6332407427707285E-007
  -3.6310593457729345E-007
  -3.6283447932229442E-007
  -3.6250960716856679E-007
  -3.6213122462388341E-007
  -3.6169924608020442E-007
  -3.6121359384541511E-007
  -3.6067419817390279E-007
  -3.6008099729595744E-007
  -3.5943393744598939E-007
  -3.5873297288956593E-007
  -3.5797806594924230E-007
  -3.5716918702920467E-007
  -3.5630631463869838E-007
  -3.5538943541424397E-007
  -3.5441854414063805E-007
  -3.5339364377072602E-007
  -3.5231474544394751E-007
  -3.5118186850364436E-007
  -3.4999504051313144E-007
  -3.4875429727051746E-007
  -3.4745968282228172E-007
  -3.4611124947559163E-007
  -3.4470905780936279E-007
  -3.4325317668405776E-007
  -3.4174368325021508E-007
  -3.4018066295570938E-007
  -3.3856420955173625E-007
  -3.3689442509751986E-007
  -3.3517141996373875E-007
  -3.3339531283466870E-007
  -3.3156623070903824E-007
  -3.2968430889959423E-007
  -3.2774969103137659E-007
  -3.2576252903869870E-007
  -3.2372298316083198E-007
  -3.2163122193639014E-007
  -3.1948742219641924E-007
  -3.1729176905618133E-007
  -3.1504445590563890E-007
  -3.1274568439863605E-007
  -3.1039566444077463E-007
  -3.0799461417598836E-007
  -3.0554275997180738E-007
  -3.0304033640332325E-007
  -3.0048758623584567E-007
  -2.9788476040625344E-007
  -2.9523211800304459E-007
  -2.9252992624507875E-007
  -2.8977846045902025E-007
  -2.8697800405547500E-007
  -2.8412884850383166E-007
  -2.8123129330579913E-007
  -2.7828564596764945E-007
  -2.7529222197116323E-007
  -2.7225134474328239E-007
  -2.6916334562447125E-007
  -2.6602856383578878E-007
  -2.6284734644467447E-007
  -2.5962004832945167E-007
  -2.5634703214254916E-007
  -2.5302866827244769E-007
  -2.4966533480435175E-007
  -2.4625741747959284E-007
  -2.4280530965376583E-007
  -2.3930941225360482E-007
  -2.3577013373260113E-007
  -2.3218789002536883E-007
  -2.2856310450076166E-007
  -2.2489620791374771E-007
  -2.2118763835604667E-007
  -2.1743784120553289E-007
  -2.1364726907441254E-007
  -2.0981638175617978E-007
  -2.0594564617135762E-007
  -2.0203553631202797E-007
  -1.9808653318516161E-007
  -1.9409912475475032E-007
  -1.9007380588274914E-007
  -1.8601107826883836E-007
  -1.8191145038900696E-007
  -1.7777543743297030E-007
  -1.7360356124042699E-007
  -1.6939635023616283E-007
  -1.6515433936400895E-007
  -1.6087807001966475E-007
  -1.5656808998239139E-007
  -1.5222495334558596E-007
  -1.4784922044624345E-007
  -1.4344145779331725E-007
  -1.3900223799498742E-007
  -1.3453213968484086E-007
  -1.3003174744698198E-007
  -1.2550165174007438E-007
  -1.2094244882032889E-007
  -1.1635474066344741E-007
  -1.1173913488552910E-007
  -1.0709624466295338E-007
  -1.0242668865124885E-007
  -9.7731090902958217E-008
  -9.3010080784509802E-008
  -8.8264292892108351E-008
  -8.3494366966655781E-008
  -7.8700947807710651E-008
  -7.3884685186502611E-008
  -6.9046233758008931E-008
  -6.4186252972108960E-008
  -5.9305406983824749E-008
  -5.4404364562663167E-008
  -4.9483799001070180E-008
  -4.4544388022010558E-008
  -3.9586813685684347E-008
  -3.4611762295395861E-008
  -2.9619924302584315E-008
  -2.4611994211032641E-008
  -1.9588670480265274E-008
  -1.4550655428150540E-008
  -9.4986551327189096E-009
  -4.4333793332125399E-009
   6.4445866961970882E-010
   5.7341421139704826E-009
   1.0834950878147548E-008
   1.5946161582461162E-008
   2.1067047691810574E-008
   2.6196879618952615E-008
   3.1334924828441591E-008
   3.6480447941222806E-008
   4.1632710839865202E-008
   4.6790972774419476E-008
   5.1954490468884135E-008
   5.7122518228267842E-008
   6.2294308046227241E-008
   6.7469109713271177E-008
   7.2646170925509195E-008
   7.7824737393934373E-008
   8.3004052954220583E-008
   8.8183359677019361E-008
   9.3361897978741749E-008
   9.8538906732806302E-008
   1.0371362338133977E-007
   1.0888528404731156E-007
   1.1405312364708797E-007
   1.1921637600338650E-007
   1.2437427395861793E-007
   1.2952604948859461E-007
   1.3467093381659145E-007
   1.3980815752774244E-007
   1.4493695068375390E-007
   1.5005654293791930E-007
   1.5516616365041673E-007
   1.6026504200387471E-007
   1.6535240711918490E-007
   1.7042748817154886E-007
   1.7548951450673746E-007
   1.8053771575754786E-007
   1.8557132196044199E-007
   1.9058956367234219E-007
   1.9559167208757616E-007
   2.0057687915494575E-007
   2.0554441769490465E-007
   2.1049352151682850E-007
   2.1542342553635658E-007
   2.2033336589278977E-007
   2.2522258006652614E-007
   2.3009030699651615E-007
   2.3493578719771771E-007
   2.3975826287853762E-007
   2.4455697805823601E-007
   2.4933117868427976E-007
   2.5408011274962521E-007
   2.5880303040991137E-007
   2.6349918410054721E-007
   2.6816782865367280E-007
   2.7280822141498058E-007
   2.7741962236037081E-007
   2.8200129421243130E-007
   2.8655250255671924E-007
   2.9107251595782516E-007
   2.9556060607520637E-007
   3.0001604777876613E-007
   3.0443811926416385E-007
   3.0882610216783761E-007
   3.1317928168171947E-007
   3.1749694666762689E-007
   3.2177838977131307E-007
   3.2602290753615503E-007
   3.3022980051646429E-007
   3.3439837339040151E-007
   3.3852793507247698E-007
   3.4261779882561761E-007
   3.4666728237278588E-007
   3.5067570800812877E-007
   3.5464240270764334E-007
   3.5856669823933662E-007
   3.6244793127286619E-007
   3.6628544348864189E-007
   3.7007858168636930E-007
   3.7382669789302185E-007
   3.7752914947021976E-007
   3.8118529922100242E-007
   3.8479451549597153E-007
   3.8835617229879379E-007
   3.9186964939104231E-007
   3.9533433239635850E-007
   3.9874961290392245E-007
   4.0211488857120836E-007
   4.0542956322601481E-007
   4.0869304696774592E-007
   4.1190475626793311E-007
   4.1506411406997790E-007
   4.1817054988809676E-007
   4.2122349990545926E-007
   4.2422240707149336E-007
   4.2716672119834727E-007
   4.3005589905649511E-007
   4.3288940446946024E-007
   4.3566670840764901E-007
   4.3838728908127833E-007
   4.4105063203237446E-007
   4.4365623022583706E-007
   4.4620358413954539E-007
   4.4869220185349604E-007
   4.5112159913795235E-007
   4.5349129954059826E-007
   4.5580083447267080E-007
   4.5804974329406667E-007
   4.6023757339740174E-007
   4.6236388029101078E-007
   4.6442822768087453E-007
   4.6643018755145695E-007
   4.6836934024544139E-007
   4.7024527454234824E-007
   4.7205758773602593E-007
   4.7380588571099372E-007
   4.7548978301763018E-007
   4.7710890294618859E-007
   4.7866287759963133E-007
   4.8015134796526264E-007
   4.8157396398515476E-007
   4.8293038462535179E-007
   4.8422027794383370E-007
   4.8544332115723839E-007
   4.8659920070631863E-007
   4.8768761232013151E-007
   4.8870826107893974E-007
   4.8966086147582029E-007
   4.9054513747696536E-007
   4.9136082258066252E-007
   4.9210765987494931E-007
   4.9278540209392309E-007
   4.9339381167270309E-007
   4.9393266080102724E-007
   4.9440173147547793E-007
   4.9480081555032684E-007
   4.9512971478698406E-007
   4.9538824090204706E-007
   4.9557621561393613E-007
   4.9569347068810945E-007
   4.9573984798084615E-007
   4.9571519948159143E-007
   4.9561938735385149E-007
   4.9545228397463081E-007
   4.9521377197240803E-007
   4.9490374426363217E-007
   4.9452210408774077E-007
   4.9406876504068929E-007
   4.9354365110697938E-007
   4.9294669669018877E-007
   4.9227784664198430E-007
   4.9153705628962072E-007
   4.9072429146191030E-007
   4.8983952851366659E-007
   4.8888275434860510E-007
   4.8785396644070415E-007
   4.8675317285401462E-007
   4.8558039226091598E-007
   4.8433565395880955E-007
   4.8301899788525050E-007
   4.8163047463150634E-007
   4.8017014545454317E-007
   4.7863808228742923E-007
   4.7703436774815973E-007
   4.7535909514689213E-007
   4.7361236849158894E-007
   4.7179430249207088E-007
   4.6990502256246614E-007
   4.6794466482206683E-007
   4.6591337609457233E-007
   4.6381131390573944E-007
   4.6163864647941155E-007
   4.5939555273194712E-007
   4.5708222226502997E-007
   4.5469885535687297E-007
   4.5224566295180047E-007
   4.4972286664821589E-007
   4.4713069868495626E-007
   4.4446940192602640E-007
   4.4173922984371358E-007
   4.3894044650008827E-007
