  -1.5095699861292431E-008
  -1.5632593280835456E-008
  -1.6170902091782741E-008
  -1.6710414807459914E-008
  -1.7250919278233592E-008
  -1.7792202740690475E-008
  -1.8334051866969575E-008
  -1.8876252814239128E-008
  -1.9418591274306881E-008
  -1.9960852523354939E-008
  -2.0502821471789137E-008
  -2.1044282714192952E-008
  -2.1585020579376281E-008
  -2.2124819180509302E-008
  -2.2663462465331311E-008
  -2.3200734266425020E-008
  -2.3736418351545850E-008
  -2.4270298473997137E-008
  -2.4802158423040709E-008
  -2.5331782074332976E-008
  -2.5858953440377053E-008
  -2.6383456720980500E-008
  -2.6905076353709073E-008
  -2.7423597064326235E-008
  -2.7938803917208928E-008
  -2.8450482365729383E-008
  -2.8958418302592771E-008
  -2.9462398110121791E-008
  -2.9962208710476764E-008
  -3.0457637615802688E-008
  -3.0948472978292540E-008
  -3.1434503640157240E-008
  -3.1915519183492590E-008
  -3.2391309980032351E-008
  -3.2861667240779150E-008
  -3.3326383065502166E-008
  -3.3785250492092104E-008
  -3.4238063545763864E-008
  -3.4684617288096965E-008
  -3.5124707865904181E-008
  -3.5558132559918162E-008
  -3.5984689833287043E-008
  -3.6404179379868932E-008
  -3.6816402172315591E-008
  -3.7221160509936305E-008
  -3.7618258066331623E-008
  -3.8007499936787941E-008
  -3.8388692685423271E-008
  -3.8761644392074934E-008
  -3.9126164698919590E-008
  -3.9482064856816254E-008
  -3.9829157771363384E-008
  -4.0167258048660092E-008
  -4.0496182040762964E-008
  -4.0815747890828940E-008
  -4.1125775577935468E-008
  -4.1426086961568191E-008
  -4.1716505825768536E-008
  -4.1996857922930686E-008
  -4.2266971017240103E-008
  -4.2526674927744774E-008
  -4.2775801571049924E-008
  -4.3014185003627763E-008
  -4.3241661463734034E-008
  -4.3458069412922265E-008
  -4.3663249577147593E-008
  -4.3857044987451463E-008
  -4.4039301020219604E-008
  -4.4209865437004034E-008
  -4.4368588423901575E-008
  -4.4515322630480949E-008
  -4.4649923208249467E-008
  -4.4772247848652932E-008
  -4.4882156820599214E-008
  -4.4979513007499117E-008
  -4.5064181943816004E-008
  -4.5136031851116984E-008
  -4.5194933673617957E-008
  -4.5240761113215371E-008
  -4.5273390663997303E-008
  -4.5292701646225915E-008
  -4.5298576239785516E-008
  -4.5290899517088001E-008
  -4.5269559475429385E-008
  -4.5234447068790014E-008
  -4.5185456239072552E-008
  -4.5122483946770055E-008
  -4.5045430201058578E-008
  -4.4954198089307081E-008
  -4.4848693805998911E-008
  -4.4728826681057960E-008
  -4.4594509207573982E-008
  -4.4445657068920979E-008
  -4.4282189165262226E-008
  -4.4104027639436522E-008
  -4.3911097902220217E-008
  -4.3703328656958724E-008
  -4.3480651923562806E-008
  -4.3243003061863809E-008
  -4.2990320794322510E-008
  -4.2722547228086983E-008
  -4.2439627876394284E-008
  -4.2141511679310108E-008
  -4.1828151023803585E-008
  -4.1499501763150855E-008
  -4.1155523235663311E-008
  -4.0796178282736674E-008
  -4.0421433266216239E-008
  -4.0031258085073685E-008
  -3.9625626191392203E-008
  -3.9204514605655593E-008
  -3.8767903931337361E-008
  -3.8315778368786809E-008
  -3.7848125728407723E-008
  -3.7364937443126981E-008
  -3.6866208580149344E-008
  -3.6351937851995703E-008
  -3.5822127626821056E-008
  -3.5276783938010366E-008
  -3.4715916493048354E-008
  -3.4139538681661509E-008
  -3.3547667583229645E-008
  -3.2940323973464145E-008
  -3.2317532330351388E-008
  -3.1679320839358364E-008
  -3.1025721397899957E-008
  -3.0356769619064115E-008
  -2.9672504834594941E-008
  -2.8972970097131731E-008
  -2.8258212181701053E-008
  -2.7528281586463395E-008
  -2.6783232532710601E-008
  -2.6023122964114424E-008
  -2.5248014545225341E-008
  -2.4457972659220147E-008
  -2.3653066404898406E-008
  -2.2833368592927366E-008
  -2.1998955741334369E-008
  -2.1149908070246832E-008
  -2.0286309495880549E-008
  -1.9408247623774964E-008
  -1.8515813741276968E-008
  -1.7609102809272852E-008
  -1.6688213453169120E-008
  -1.5753247953122793E-008
  -1.4804312233522222E-008
  -1.3841515851719013E-008
  -1.2864971986012140E-008
  -1.1874797422885951E-008
  -1.0871112543502659E-008
  -9.8540413094513045E-009
  -8.8237112477550201E-009
  -7.7802534351375295E-009
  -6.7238024815515524E-009
  -5.6544965129710092E-009
  -4.5724771534488620E-009
  -3.4778895064432532E-009
  -2.3708821354140863E-009
  -1.2516070436931828E-009
  -1.2021965362992507E-010
   1.0231212149839343E-009
   2.1782533672079891E-009
   3.3450112559617345E-009
   4.5232260057451758E-009
   5.7127254370675140E-009
   6.9133340915813637E-009
   8.1248732579173626E-009
   9.3471609982168543E-009
   1.0580012175358010E-008
   1.1823238480870844E-008
   1.3076648463538276E-008
   1.4340047558677481E-008
   1.5613238118098014E-008
   1.6896019440731873E-008
   1.8188187803930416E-008
   1.9489536495424080E-008
   2.0799855845938989E-008
   2.2118933262466231E-008
   2.3446553262178271E-008
   2.4782497506986441E-008
   2.6126544838735522E-008
   2.7478471315028610E-008
   2.8838050245676751E-008
   3.0205052229768429E-008
   3.1579245193351228E-008
   3.2960394427721561E-008
   3.4348262628314854E-008
   3.5742609934190390E-008
   3.7143193968104511E-008
   3.8549769877165595E-008
   3.9962090374063441E-008
   4.1379905778867789E-008
   4.2802964061387824E-008
   4.4231010884085627E-008
   4.5663789645538222E-008
   4.7101041524437931E-008
   4.8542505524127343E-008
   4.9987918517658122E-008
   5.1437015293368942E-008
   5.2889528600972736E-008
   5.4345189198146912E-008
   5.5803725897618009E-008
   5.7264865614733298E-008
   5.8728333415511058E-008
   6.0193852565161117E-008
   6.1661144577068266E-008
   6.3129929262229440E-008
   6.4599924779136346E-008
   6.6070847684095675E-008
   6.7542412981977468E-008
   6.9014334177383660E-008
   7.0486323326227348E-008
   7.1958091087714630E-008
   7.3429346776719405E-008
   7.4899798416542849E-008
   7.6369152792047813E-008
   7.7837115503159042E-008
   7.9303391018720495E-008
   8.0767682730699547E-008
   8.2229693008729946E-008
   8.3689123254982062E-008
   8.5145673959353187E-008
   8.6599044754966257E-008
   8.8048934473968782E-008
   8.9495041203621160E-008
   9.0937062342664852E-008
   9.2374694657961065E-008
   9.3807634341389110E-008
   9.5235577066995271E-008
   9.6658218048380908E-008
   9.8075252096321130E-008
   9.9486373676602836E-008
   1.0089127696807223E-007
   1.0228965592088098E-007
   1.0368120431492199E-007
   1.0506561581844246E-007
   1.0644258404682594E-007
   1.0781180262153058E-007
   1.0917296522917535E-007
   1.1052576568076170E-007
   1.1186989797102116E-007
   1.1320505633787842E-007
   1.1453093532201764E-007
   1.1584722982654330E-007
   1.1715363517672358E-007
   1.1844984717980529E-007
   1.1973556218489078E-007
   1.2101047714286445E-007
   1.2227428966635954E-007
   1.2352669808975262E-007
   1.2476740152917647E-007
   1.2599609994253927E-007
   1.2721249418953985E-007
   1.2841628609166753E-007
   1.2960717849217584E-007
   1.3078487531601885E-007
   1.3194908162974053E-007
   1.3309950370130267E-007
   1.3423584905984480E-007
   1.3535782655536172E-007
   1.3646514641828906E-007
   1.3755752031898543E-007
   1.3863466142710084E-007
   1.3969628447081853E-007
   1.4074210579596220E-007
   1.4177184342495444E-007
   1.4278521711561760E-007
   1.4378194841980513E-007
   1.4476176074185214E-007
   1.4572437939683611E-007
   1.4666953166863348E-007
   1.4759694686776478E-007
   1.4850635638901477E-007
   1.4939749376881794E-007
   1.5027009474239865E-007
   1.5112389730065384E-007
   1.5195864174676933E-007
   1.5277407075255733E-007
   1.5356992941450497E-007
   1.5434596530952397E-007
   1.5510192855038974E-007
   1.5583757184085874E-007
   1.5655265053045596E-007
   1.5724692266891943E-007
   1.5792014906029155E-007
   1.5857209331664976E-007
   1.5920252191146090E-007
   1.5981120423255464E-007
   1.6039791263470035E-007
   1.6096242249178175E-007
   1.6150451224855604E-007
   1.6202396347198840E-007
   1.6252056090215237E-007
   1.6299409250268449E-007
   1.6344434951078542E-007
   1.6387112648675585E-007
   1.6427422136305805E-007
   1.6465343549289319E-007
   1.6500857369828489E-007
   1.6533944431765934E-007
   1.6564585925291233E-007
   1.6592763401595373E-007
   1.6618458777471993E-007
   1.6641654339864543E-007
   1.6662332750358360E-007
   1.6680477049616808E-007
   1.6696070661760510E-007
   1.6709097398688852E-007
   1.6719541464342836E-007
   1.6727387458908321E-007
   1.6732620382958941E-007
   1.6735225641537668E-007
   1.6735189048176344E-007
   1.6732496828852085E-007
   1.6727135625880063E-007
   1.6719092501741484E-007
   1.6708354942846232E-007
   1.6694910863229240E-007
   1.6678748608179745E-007
   1.6659856957802753E-007
   1.6638225130511958E-007
   1.6613842786453192E-007
   1.6586700030857766E-007
   1.6556787417325073E-007
   1.6524095951033404E-007
   1.6488617091878608E-007
   1.6450342757539667E-007
   1.6409265326470544E-007
   1.6365377640817679E-007
   1.6318673009262363E-007
   1.6269145209787456E-007
   1.6216788492367636E-007
   1.6161597581582656E-007
   1.6103567679153032E-007
   1.6042694466397390E-007
   1.5978974106611028E-007
   1.5912403247364989E-007
   1.5842979022725156E-007
   1.5770699055390866E-007
   1.5695561458752145E-007
   1.5617564838865649E-007
   1.5536708296348168E-007
   1.5452991428187549E-007
   1.5366414329470458E-007
   1.5276977595026465E-007
   1.5184682320988046E-007
   1.5089530106265985E-007
   1.4991523053939748E-007
   1.4890663772562475E-007
   1.4786955377380126E-007
   1.4680401491464322E-007
   1.4571006246758637E-007
   1.4458774285037885E-007
   1.4343710758780006E-007
   1.4225821331950309E-007
   1.4105112180697792E-007
   1.3981589993962939E-007
   1.3855261973997153E-007
   1.3726135836793057E-007
   1.3594219812425851E-007
   1.3459522645305063E-007
   1.3322053594336842E-007
   1.3181822432996289E-007
   1.3038839449309667E-007
   1.2893115445746442E-007
   1.2744661739020908E-007
   1.2593490159803108E-007
   1.2439613052339126E-007
   1.2283043273980445E-007
   1.2123794194622346E-007
   1.1961879696051200E-007
   1.1797314171200735E-007
   1.1630112523316835E-007
   1.1460290165031277E-007
   1.1287863017344045E-007
   1.1112847508514324E-007
   1.0935260572860209E-007
   1.0755119649466999E-007
   1.0572442680804254E-007
   1.0387248111251527E-007
   1.0199554885533065E-007
   1.0009382447061113E-007
   9.8167507361884260E-008
   9.6216801883697417E-008
   9.4241917322324274E-008
   9.2243067875565059E-008
   9.0220472631641933E-008
   8.8174355547189501E-008
   8.6104945424345336E-008
   8.4012475886939463E-008
   8.1897185355787750E-008
   7.9759317023088349E-008
   7.7599118825927451E-008
   7.5416843418893665E-008
   7.3212748145805122E-008
   7.0987095010552945E-008
   6.8740150647063232E-008
   6.6472186288380732E-008
   6.4183477734878198E-008
   6.1874305321595259E-008
   5.9544953884708843E-008
   5.7195712727141660E-008
   5.4826875583310227E-008
   5.2438740583018145E-008
   5.0031610214498927E-008
   4.7605791286611318E-008
   4.5161594890194736E-008
   4.2699336358585924E-008
   4.0219335227305178E-008
   3.7721915192914706E-008
   3.5207404071056094E-008
   3.2676133753670905E-008
   3.0128440165411504E-008
   2.7564663219245946E-008
   2.4985146771264168E-008
   2.2390238574691470E-008
   1.9780290233114166E-008
   1.7155657152925020E-008
   1.4516698494994712E-008
   1.1863777125574187E-008
   9.1972595664376393E-009
   6.5175159442702320E-009
   3.8249199393088159E-009
   1.1198487332427700E-009
  -1.5973170436181960E-009
  -4.3261933659018423E-009
  -7.0663928674484375E-009
  -9.8175248962967899E-009
  -1.2579195570372330E-008
  -1.5351007833869567E-008
  -1.8132561514321340E-008
  -2.0923453380345789E-008
  -2.3723277200063765E-008
  -2.6531623800177041E-008
  -2.9348081125700035E-008
  -3.2172234300335139E-008
  -3.5003665687483488E-008
  -3.7841954951882299E-008
  -4.0686679121859155E-008
  -4.3537412652194564E-008
  -4.6393727487582850E-008
  -4.9255193126683159E-008
  -5.2121376686749433E-008
  -5.4991842968830637E-008
  -5.7866154523531543E-008
  -6.0743871717323761E-008
  -6.3624552799396931E-008
  -6.6507753969040823E-008
  -6.9393029443546530E-008
  -7.2279931526618420E-008
  -7.5168010677284777E-008
  -7.8056815579297135E-008
  -8.0945893211008174E-008
  -8.3834788915716607E-008
  -8.6723046472469045E-008
  -8.9610208167306682E-008
  -9.2495814864947797E-008
  -9.5379406080892388E-008
  -9.8260520053940356E-008
  -1.0113869381910941E-007
  -1.0401346328094381E-007
  -1.0688436328720017E-007
  -1.0975092770290033E-007
  -1.1261268948473918E-007
  -1.1546918075583527E-007
  -1.1831993288081353E-007
  -1.2116447654120656E-007
  -1.2400234181116443E-007
  -1.2683305823345923E-007
  -1.2965615489577367E-007
  -1.3247116050726031E-007
  -1.3527760347536081E-007
  -1.3807501198287118E-007
  -1.4086291406524064E-007
  -1.4364083768809510E-007
  -1.4640831082496682E-007
  -1.4916486153522334E-007
  -1.5191001804217991E-007
  -1.5464330881138339E-007
  -1.5736426262905582E-007
  -1.6007240868068322E-007
  -1.6276727662973920E-007
  -1.6544839669652750E-007
  -1.6811529973713375E-007
  -1.7076751732247090E-007
  -1.7340458181740686E-007
  -1.7602602645996129E-007
  -1.7863138544055735E-007
  -1.8122019398131654E-007
  -1.8379198841538323E-007
  -1.8634630626626535E-007
  -1.8888268632717832E-007
  -1.9140066874037895E-007
  -1.9389979507647724E-007
  -1.9637960841370973E-007
  -1.9883965341716496E-007
  -2.0127947641794609E-007
  -2.0369862549225533E-007
  -2.0609665054039193E-007
  -2.0847310336564434E-007
  -2.1082753775306883E-007
  -2.1315950954813715E-007
  -2.1546857673524199E-007
  -2.1775429951604657E-007
  -2.2001624038766445E-007
  -2.2225396422065722E-007
  -2.2446703833683620E-007
  -2.2665503258685351E-007
  -2.2881751942757340E-007
  -2.3095407399920492E-007
  -2.3306427420218750E-007
  -2.3514770077381235E-007
  -2.3720393736457073E-007
  -2.3923257061421076E-007
  -2.4123319022749487E-007
  -2.4320538904963996E-007
  -2.4514876314143095E-007
  -2.4706291185399192E-007
  -2.4894743790320403E-007
  -2.5080194744375454E-007
  -2.5262605014280650E-007
  -2.5441935925327537E-007
  -2.5618149168669773E-007
  -2.5791206808568310E-007
  -2.5961071289593218E-007
  -2.6127705443781018E-007
  -2.6291072497746432E-007
  -2.6451136079746928E-007
  -2.6607860226699158E-007
  -2.6761209391145708E-007
  -2.6911148448171213E-007
  -2.7057642702266267E-007
  -2.7200657894138240E-007
  -2.7340160207467515E-007
  -2.7476116275608007E-007
  -2.7608493188230696E-007
  -2.7737258497909100E-007
  -2.7862380226645313E-007
  -2.7983826872335572E-007
  -2.8101567415173906E-007
  -2.8215571323993102E-007
  -2.8325808562541397E-007
  -2.8432249595694007E-007
  -2.8534865395598079E-007
  -2.8633627447750418E-007
  -2.8728507757006096E-007
  -2.8819478853517542E-007
  -2.8906513798602552E-007
  -2.8989586190540192E-007
  -2.9068670170293789E-007
  -2.9143740427159362E-007
  -2.9214772204338839E-007
  -2.9281741304437027E-007
  -2.9344624094880860E-007
  -2.9403397513260487E-007
  -2.9458039072590329E-007
  -2.9508526866490055E-007
  -2.9554839574283749E-007
  -2.9596956466016438E-007
  -2.9634857407387138E-007
  -2.9668522864597374E-007
  -2.9697933909114015E-007
  -2.9723072222345851E-007
  -2.9743920100232432E-007
  -2.9760460457744993E-007
  -2.9772676833297536E-007
  -2.9780553393068331E-007
  -2.9784074935229867E-007
  -2.9783226894087079E-007
  -2.9777995344122698E-007
  -2.9768367003949024E-007
  -2.9754329240164987E-007
  -2.9735870071118041E-007
  -2.9712978170569879E-007
  -2.9685642871265195E-007
  -2.9653854168402673E-007
  -2.9617602723007563E-007
  -2.9576879865204955E-007
  -2.9531677597393143E-007
  -2.9481988597316075E-007
  -2.9427806221034747E-007
  -2.9369124505796129E-007
  -2.9305938172799500E-007
  -2.9238242629859302E-007
  -2.9166033973963840E-007
  -2.9089308993729348E-007
  -2.9008065171748555E-007
  -2.8922300686833486E-007
  -2.8832014416151751E-007
  -2.8737205937255369E-007
  -2.8637875530002525E-007
  -2.8534024178370650E-007
  -2.8425653572161094E-007
  -2.8312766108594399E-007
  -2.8195364893796125E-007
  -2.8073453744172307E-007
  -2.7947037187674461E-007
  -2.7816120464953337E-007
  -2.7680709530401590E-007
  -2.7540811053084214E-007
  -2.7396432417556983E-007
  -2.7247581724572170E-007
  -2.7094267791671495E-007
  -2.6936500153665472E-007
  -2.6774289062999594E-007
  -2.6607645490006278E-007
  -2.6436581123042867E-007
  -2.6261108368515087E-007
  -2.6081240350786025E-007
  -2.5896990911970056E-007
  -2.5708374611611663E-007
  -2.5515406726249407E-007
  -2.5318103248863709E-007
  -2.5116480888209858E-007
  -2.4910557068034783E-007
  -2.4700349926178190E-007
  -2.4485878313557738E-007
  -2.4267161793038287E-007
  -2.4044220638185014E-007
  -2.3817075831900475E-007
  -2.3585749064945610E-007
  -2.3350262734344522E-007
  -2.3110639941673372E-007
  -2.2866904491232881E-007
  -2.2619080888105255E-007
  -2.2367194336094882E-007
  -2.2111270735553242E-007
  -2.1851336681088245E-007
  -2.1587419459157827E-007
  -2.1319547045548160E-007
  -2.1047748102736590E-007
  -2.0772051977139504E-007
  -2.0492488696245312E-007
  -2.0209088965632713E-007
  -1.9921884165874688E-007
  -1.9630906349328145E-007
  -1.9336188236809876E-007
  -1.9037763214158902E-007
  -1.8735665328685421E-007
  -1.8429929285507082E-007
  -1.8120590443772480E-007
  -1.7807684812772589E-007
  -1.7491249047940469E-007
  -1.7171320446739259E-007
  -1.6847936944439763E-007
  -1.6521137109786979E-007
  -1.6190960140556989E-007
  -1.5857445859004060E-007
  -1.5520634707198934E-007
  -1.5180567742258307E-007
  -1.4837286631466574E-007
  -1.4490833647289991E-007
  -1.4141251662284158E-007
  -1.3788584143895029E-007
  -1.3432875149154485E-007
  -1.3074169319270801E-007
  -1.2712511874114793E-007
  -1.2347948606602247E-007
  -1.1980525876973319E-007
  -1.1610290606969768E-007
  -1.1237290273910444E-007
  -1.0861572904665956E-007
  -1.0483187069533416E-007
  -1.0102181876011608E-007
  -9.7186069624777954E-008
  -9.3325124917668848E-008
  -8.9439491446533885E-008
  -8.5529681132376526E-008
  -8.1596210942367093E-008
  -7.7639602821808026E-008
  -7.3660383625166324E-008
  -6.9659085046177873E-008
  -6.5636243547038694E-008
  -6.1592400286687534E-008
  -5.7528101048192647E-008
  -5.3443896165249569E-008
  -4.9340340447803495E-008
  -4.5217993106801904E-008
  -4.1077417678092115E-008
  -3.6919181945469680E-008
  -3.2743857862891994E-008
  -2.8552021475866035E-008
  -2.4344252842019356E-008
  -2.0121135950869008E-008
  -1.5883258642796439E-008
  -1.1631212527241172E-008
  -7.3655929001231478E-009
  -3.0869986605076614E-009
   1.2039677734780237E-009
   5.5067005494629619E-009
   9.8205904663745697E-009
   1.4145025060691127E-008
   1.8479388693394350E-008
   2.2823062637609006E-008
   2.7175425166915293E-008
   3.1535851644324881E-008
   3.5903714611904128E-008
   4.0278383881035184E-008
   4.4659226623298415E-008
   4.9045607461966593E-008
   5.3436888564094642E-008
   5.7832429733193346E-008
   6.2231588502473416E-008
   6.6633720228645218E-008
   7.1038178186262427E-008
   7.5444313662593238E-008
   7.9851476053007902E-008
   8.4259012956866602E-008
   8.8666270273894848E-008
   9.3072592301031160E-008
   9.7477321829733616E-008
   1.0187980024372997E-007
   1.0627936761719826E-007
   1.1067536281336076E-007
   1.1506712358347979E-007
   1.1945398666623870E-007
   1.2383528788749238E-007
   1.2821036226037472E-007
   1.3257854408574665E-007
   1.3693916705296789E-007
   1.4129156434098285E-007
   1.4563506871969674E-007
   1.4996901265163616E-007
   1.5429272839387015E-007
   1.5860554810018297E-007
   1.6290680392347848E-007
   1.6719582811840334E-007
   1.7147195314417099E-007
   1.7573451176757406E-007
   1.7998283716616449E-007
   1.8421626303159101E-007
   1.8843412367307385E-007
   1.9263575412100330E-007
   1.9682049023064423E-007
   2.0098766878593179E-007
   2.0513662760334352E-007
   2.0926670563582677E-007
   2.1337724307677178E-007
   2.1746758146400982E-007
   2.2153706378382179E-007
   2.2558503457493969E-007
   2.2961084003252747E-007
   2.3361382811212223E-007
   2.3759334863351976E-007
   2.4154875338459025E-007
   2.4547939622500502E-007
   2.4938463318986037E-007
   2.5326382259317958E-007
   2.5711632513127933E-007
   2.6094150398598251E-007
   2.6473872492766001E-007
   2.6850735641808959E-007
   2.7224676971310915E-007
   2.7595633896505306E-007
   2.7963544132495213E-007
   2.8328345704448291E-007
   2.8689976957764801E-007
   2.9048376568217312E-007
   2.9403483552060292E-007
   2.9755237276107868E-007
   3.0103577467778478E-007
   3.0448444225104426E-007
   3.0789778026704857E-007
   3.1127519741720530E-007
   3.1461610639708788E-007
   3.1791992400497104E-007
   3.2118607123993439E-007
   3.2441397339952124E-007
   3.2760306017693383E-007
   3.3075276575774894E-007
   3.3386252891614127E-007
   3.3693179311059326E-007
   3.3996000657908170E-007
   3.4294662243371953E-007
   3.4589109875484198E-007
   3.4879289868451741E-007
   3.5165149051946959E-007
   3.5446634780339615E-007
   3.5723694941866502E-007
   3.5996277967737868E-007
   3.6264332841178287E-007
   3.6527809106401209E-007
   3.6786656877515534E-007
   3.7040826847362092E-007
   3.7290270296279299E-007
   3.7534939100796195E-007
   3.7774785742251249E-007
   3.8009763315335506E-007
   3.8239825536558901E-007
   3.8464926752637887E-007
   3.8685021948802968E-007
   3.8900066757025428E-007
   3.9110017464160305E-007
   3.9314831020006098E-007
   3.9514465045278041E-007
   3.9708877839494873E-007
   3.9898028388776937E-007
   4.0081876373554443E-007
   4.0260382176184881E-007
   4.0433506888477624E-007
   4.0601212319124685E-007
   4.0763461001036657E-007
   4.0920216198581897E-007
   4.1071441914727986E-007
   4.1217102898084238E-007
   4.1357164649843744E-007
   4.1491593430624024E-007
   4.1620356267204667E-007
   4.1743420959161103E-007
   4.1860756085392907E-007
   4.1972331010545819E-007
   4.2078115891326002E-007
   4.2178081682705409E-007
   4.2272200144017472E-007
   4.2360443844941097E-007
   4.2442786171373089E-007
   4.2519201331186504E-007
   4.2589664359875236E-007
   4.2654151126082408E-007
   4.2712638337012714E-007
   4.2765103543726524E-007
   4.2811525146316008E-007
   4.2851882398960828E-007
   4.2886155414863635E-007
   4.2914325171063717E-007
   4.2936373513128007E-007
   4.2952283159718416E-007
   4.2962037707034831E-007
   4.2965621633132544E-007
   4.2963020302113391E-007
   4.2954219968189737E-007
   4.2939207779620401E-007
   4.2917971782517612E-007
   4.2890500924524293E-007
   4.2856785058361016E-007
   4.2816814945241291E-007
   4.2770582258155206E-007
   4.2718079585019981E-007
   4.2659300431697117E-007
   4.2594239224875331E-007
   4.2522891314818580E-007
   4.2445252977978391E-007
   4.2361321419470151E-007
   4.2271094775412593E-007
   4.2174572115129254E-007
   4.2071753443212940E-007
   4.1962639701450593E-007
   4.1847232770609475E-007
   4.1725535472083785E-007
   4.1597551569400785E-007
   4.1463285769586551E-007
   4.1322743724390342E-007
   4.1175932031367737E-007
   4.1022858234821480E-007
   4.0863530826600203E-007
   4.0697959246754240E-007
   4.0526153884048473E-007
   4.0348126076331531E-007
   4.0163888110761538E-007
   3.9973453223887549E-007
   3.9776835601586912E-007
   3.9574050378857819E-007
   3.9365113639467344E-007
   3.9150042415454321E-007
   3.8928854686487186E-007
   3.8701569379076421E-007
   3.8468206365641495E-007
   3.8228786463432413E-007
   3.7983331433305392E-007
   3.7731863978353066E-007
   3.7474407742388573E-007
   3.7210987308284144E-007
   3.6941628196163777E-007
   3.6666356861450054E-007
   3.6385200692765374E-007
   3.6098188009687297E-007
   3.5805348060358517E-007
   3.5506711018951294E-007
   3.5202307982986369E-007
   3.4892170970506915E-007
   3.4576332917107381E-007
   3.4254827672817527E-007
   3.3927689998841818E-007
   3.3594955564154616E-007
   3.3256660941951091E-007
   3.2912843605954544E-007
   3.2563541926580191E-007
   3.2208795166955660E-007
   3.1848643478799049E-007
   3.1483127898154204E-007
   3.1112290340984313E-007
   3.0736173598623737E-007
   3.0354821333088830E-007
   2.9968278072248080E-007
   2.9576589204852046E-007
   2.9179800975423745E-007
   2.8777960479009936E-007
   2.8371115655793737E-007
   2.7959315285569511E-007
   2.7542608982080047E-007
   2.7121047187217449E-007
   2.6694681165087692E-007
   2.6263562995939626E-007
   2.5827745569959690E-007
   2.5387282580932184E-007
   2.4942228519766641E-007
   2.4492638667892335E-007
   2.4038569090521382E-007
   2.3580076629780700E-007
   2.3117218897714014E-007
   2.2650054269154317E-007
   2.2178641874468477E-007
   2.1703041592173564E-007
   2.1223314041427267E-007
   2.0739520574392226E-007
   2.0251723268475769E-007
   1.9759984918445797E-007
   1.9264369028424041E-007
   1.8764939803757354E-007
   1.8261762142768422E-007
   1.7754901628386631E-007
   1.7244424519660518E-007
   1.6730397743152548E-007
   1.6212888884217296E-007
   1.5691966178164816E-007
   1.5167698501309369E-007
   1.4640155361905414E-007
   1.4109406890971795E-007
   1.3575523833005229E-007
   1.3038577536584572E-007
   1.2498639944866872E-007
   1.1955783585976573E-007
   1.1410081563289054E-007
   1.0861607545610178E-007
   1.0310435757252449E-007
   9.7566409680098890E-008
   9.2002984830323503E-008
   8.6414841326012740E-008
   8.0802742618074558E-008
   7.5167457201330868E-008
   6.9509758509388277E-008
   6.3830424808578379E-008
   5.8130239090976578E-008
   5.2409988966521602E-008
   4.6670466554242440E-008
   4.0912468372614955E-008
   3.5136795229057353E-008
   2.9344252108584825E-008
   2.3535648061633906E-008
   1.7711796091078089E-008
   1.1873513038444524E-008
   6.0216194693516700E-009
   1.5693955818230760E-010
  -5.7196990279913892E-009
  -1.1607465246214556E-008
  -1.7505524795170329E-008
  -2.3413040233402032E-008
  -2.9329171098214128E-008
  -3.5253074025238824E-008
  -4.1183902868652400E-008
  -4.7120808822020429E-008
  -5.3062940539756285E-008
  -5.9009444259177767E-008
  -6.4959463923140212E-008
  -7.0912141303232199E-008
  -7.6866616123513517E-008
  -8.2822026184779378E-008
  -8.8777507489331120E-008
  -9.4732194366236962E-008
  -1.0068521959706601E-007
  -1.0663571454207084E-007
  -1.1258280926680765E-007
  -1.1852563266917494E-007
  -1.2446331260684430E-007
  -1.3039497602507579E-007
  -1.3631974908488896E-007
  -1.4223675729158106E-007
  -1.4814512562356200E-007
  -1.5404397866149716E-007
  -1.5993244071773476E-007
  -1.6580963596599624E-007
  -1.7167468857131680E-007
  -1.7752672282021101E-007
  -1.8336486325104628E-007
  -1.8918823478460780E-007
  -1.9499596285482965E-007
  -2.0078717353967783E-007
  -2.0656099369216377E-007
  -2.1231655107146737E-007
  -2.1805297447415389E-007
  -2.2376939386546043E-007
  -2.2946494051063661E-007
  -2.3513874710631511E-007
  -2.4078994791189968E-007
  -2.4641767888094185E-007
  -2.5202107779249344E-007
  -2.5759928438241375E-007
  -2.6315144047460898E-007
  -2.6867669011218708E-007
  -2.7417417968850876E-007
