  0.31490540373423243     
  0.30360200794693598     
  0.29225571962056462     
  0.28086814174555486     
  0.26944088314568343     
  0.25797555825077345     
  0.24647378686860982     
  0.23493719395609572     
  0.22336740938967831     
  0.21176606773508430     
  0.20013480801638900     
  0.18847527348445572     
  0.17678911138478245     
  0.16507797272477803     
  0.15334351204051080     
  0.14158738716295771     
  0.12981125898378798     
  0.11801679122071307     
  0.10620565018244121     
   9.4379504533260480E-002
   8.2540025057292327E-002
   7.0688884422447917E-002
   5.8827756944110632E-002
   4.6958318348596206E-002
   3.5082245536403600E-002
   2.3201216345306142E-002
   1.1316909313309975E-002
  -5.6899655849046438E-004
  -1.2454822043117542E-002
  -2.4338887924952146E-002
  -3.6219515236968369E-002
  -4.8095025497936206E-002
  -5.9963740949561133E-002
  -7.1823984793507711E-002
  -8.3674081428299074E-002
  -9.5512356686047295E-002
 -0.10733713806897183     
 -0.11914675498569305     
 -0.13093953898724847     
 -0.14271382400281085     
 -0.15446794657506793     
 -0.16620024609523365     
 -0.17790906503765858     
 -0.18959274919400068     
 -0.20124964790693275     
 -0.21287811430334214     
 -0.22447650552700266     
 -0.23604318297067201     
 -0.24757651250759555     
 -0.25907486472236985     
 -0.27053661514115002     
 -0.28196014446114764     
 -0.29334383877940778     
 -0.30468608982081918     
 -0.31598529516532692     
 -0.32723985847432346     
 -0.33844818971617541     
 -0.34960870539086275     
 -0.36071982875369207     
 -0.37177999003806061     
 -0.38278762667722660     
 -0.39374118352507070     
 -0.40463911307580247     
 -0.41547987568259181     
 -0.42626193977508886     
 -0.43698378207580091     
 -0.44764388781530001     
 -0.45824075094622807     
 -0.46877287435607007     
 -0.47923877007866156     
 -0.48963695950441088     
 -0.49996597358919215     
 -0.51022435306189240     
 -0.52041064863057285     
 -0.53052342118722728     
 -0.54056124201109357     
 -0.55052269297050327     
 -0.56040636672323485     
 -0.57021086691533918     
 -0.57993480837841638     
 -0.58957681732530942     
 -0.59913553154419397     
 -0.60860960059102576     
 -0.61799768598033311     
 -0.62729846137431677     
 -0.63651061277022947     
 -0.64563283868602284     
 -0.65466385034421304     
 -0.66360237185396198     
 -0.67244714039133235     
 -0.68119690637769692     
 -0.68985043365628018     
 -0.69840649966679780     
 -0.70686389561818108     
 -0.71522142665935295     
 -0.72347791204803402     
 -0.73163218531755847     
 -0.73968309444166858     
 -0.74762950199727340     
 -0.75547028532514371     
 -0.76320433668851662     
 -0.77083056342959755     
 -0.77834788812393019     
 -0.78575524873261282     
 -0.79305159875234077     
 -0.80023590736325834     
 -0.80730715957458810     
 -0.81426435636803052     
 -0.82110651483890307     
 -0.82783266833500324     
 -0.83444186659317698     
 -0.84093317587357053     
 -0.84730567909154786     
 -0.85355847594725531     
 -0.85969068305281537     
 -0.86570143405712996     
 -0.87158987976827818     
 -0.87735518827348913     
 -0.88299654505667291     
 -0.88851315311349521     
 -0.89390423306397671     
 -0.89916902326260328     
 -0.90430677990593056     
 -0.90931677713766679     
 -0.91419830715122152     
 -0.91895068028970439     
 -0.92357322514335749     
 -0.92806528864441284     
 -0.93242623615935605     
 -0.93665545157858698     
 -0.94075233740346320     
 -0.94471631483071361     
 -0.94854682383421085     
 -0.95224332324409200     
 -0.95580529082321330     
 -0.95923222334093239     
 -0.96252363664420304     
 -0.96567906572597650     
 -0.96869806479089693     
 -0.97158020731828265     
 -0.97432508612238489     
 -0.97693231340991404     
 -0.97940152083482701     
 -0.98173235955036653     
 -0.98392450025834588     
 -0.98597763325567211     
 -0.98789146847809961     
 -0.98966573554121096     
 -0.99130018377861628     
 -0.99279458227736672     
 -0.99414871991057796     
 -0.99536240536725806     
 -0.99643546717933518     
 -0.99736775374588282     
 -0.99815913335453754     
 -0.99880949420010745     
 -0.99931874440036761     
 -0.99968681200904108     
 -0.99991364502596369     
 -0.99999921140443027     
 -0.99994349905572222     
 -0.99974651585081542     
 -0.99940828961926831     
 -0.99892886814529003     
 -0.99830831916098961     
 -0.99754673033680685     
 -0.99664420926912645     
 -0.99560088346507647     
 -0.99441690032451480     
 -0.99309242711920453     
 -0.99162765096918182     
 -0.99002277881631995     
 -0.98827803739509268     
 -0.98639367320054161     
 -0.98436995245345160     
 -0.98220716106273975     
 -0.97990560458506137     
 -0.97746560818164296     
 -0.97488751657234229     
 -0.97217169398694780     
 -0.96931852411372033     
 -0.96632841004518522     
 -0.96320177422118625     
 -0.95993905836920057     
 -0.95654072344193464     
 -0.95300724955220040     
 -0.94933913590508456     
 -0.94553690072742369     
 -0.94160108119458696     
 -0.93753223335458746     
 -0.93333093204952222     
 -0.92899777083436008     
 -0.92453336189308510     
 -0.91993833595220742     
 -0.91521334219165484     
 -0.91035904815305912     
 -0.90537613964544306     
 -0.90026532064833431     
 -0.89502731321230455     
 -0.88966285735696082     
 -0.88417271096639616     
 -0.87855764968211647     
 -0.87281846679345820     
 -0.86695597312551442     
 -0.86097099692458234     
 -0.85486438374114737     
 -0.84863699631042899     
 -0.84228971443049017     
 -0.83582343483794308     
 -0.82923907108125894     
 -0.82253755339170176     
 -0.81571982855190772     
 -0.80878685976212361     
 -0.80173962650412844     
 -0.79457912440285194     
 -0.78730636508571483     
 -0.77992237603970671     
 -0.77242820046622374     
 -0.76482489713368806     
 -0.75711354022796296     
 -0.74929521920059627     
 -0.74137103861490261     
 -0.73334211798991156     
 -0.72520959164220444     
 -0.71697460852565831     
 -0.70863833206912352     
 -0.70020194001205605     
 -0.69166662423812786     
 -0.68303359060683821     
 -0.67430405878315203     
 -0.66547926206518659     
 -0.65656044720997364     
 -0.64754887425731678     
 -0.63844581635177688     
 -0.62925255956280246     
 -0.61997040270303494     
 -0.61060065714481615     
 -0.60114464663491551     
 -0.59160370710751575     
 -0.58197918649547242     
 -0.57227244453987947     
 -0.56248485259796688     
 -0.55261779344935680     
 -0.54267266110070589     
 -0.53265086058876188     
 -0.52255380778186222     
 -0.51238292917989980     
 -0.50213966171279167     
 -0.49182545253746812     
 -0.48144175883342288     
 -0.47099004759684271     
 -0.46047179543335215     
 -0.44988848834940093     
 -0.43924162154232238     
 -0.42853269918909342     
 -0.41776323423382661     
 -0.40693474817402320     
 -0.39604877084561740     
 -0.38510684020684260     
 -0.37411050212095187     
 -0.36306131013781850     
 -0.35196082527445305     
 -0.34081061579446492     
 -0.32961225698649954     
 -0.31836733094168296     
 -0.30707742633010754     
 -0.29574413817638379     
 -0.28436906763429959     
 -0.27295382176061000     
 -0.26150001328799460     
 -0.25000926039721127     
 -0.23848318648848324     
 -0.22692341995214582     
 -0.21533159393858942     
 -0.20370934612753028     
 -0.19205831849664112     
 -0.18038015708957400     
 -0.16867651178340887     
 -0.15694903605556224     
 -0.14519938675018471     
 -0.13342922384408359     
 -0.12164021021220395     
 -0.10983401139270048     
  -9.8012295351629961E-002
  -8.6176732247304988E-002
  -7.4328994194335085E-002
  -6.2470755027392029E-002
  -5.0603690064732920E-002
  -3.8729475871513430E-002
  -2.6849790022923755E-002
  -1.4966310867183197E-002
  -3.0807172884256273E-003
   8.8053115304925211E-003
   2.0690096345224673E-002
   3.2571958087174446E-002
   4.4449218100715338E-002
   5.6320198380346298E-002
   6.8183221807761832E-002
   8.0036612388789008E-002
   9.1878695490173648E-002
  0.10370779807616870     
  0.11552224894489893     
  0.12732037896446727     
  0.13910052130876729     
  0.15086101169297003     
  0.16260018860865272     
  0.17431639355853468     
  0.18600797129078869     
  0.19767327003289056     
  0.20931064172498259     
  0.22091844225270757     
  0.23249503167948915     
  0.24403877447821784     
  0.25554803976231805     
  0.26702120151615760     
  0.27845663882476940     
  0.28985273610285106     
  0.30120788332301485     
  0.31252047624324969     
  0.32378891663356640     
  0.33501161250179379     
  0.34618697831849415     
  0.35731343524096359     
  0.36838941133629127     
  0.37941334180343789     
  0.39038366919431006     
  0.40129884363379453     
  0.41215732303872565     
  0.42295757333574147     
  0.43369806867802618     
  0.44437729166087042     
  0.45499373353605477     
  0.46554589442500116     
  0.47603228353067378     
  0.48645141934820024     
  0.49680182987417199     
  0.50708205281461194     
  0.51729063579156165     
  0.52742613654827541     
  0.53748712315297753     
  0.54747217420116512     
  0.55737987901642327     
  0.56720883784972209     
  0.57695766207717369     
  0.58662497439621386     
  0.59620940902018515     
  0.60570961187129579     
  0.61512424077192029     
  0.62445196563422245     
  0.63369146864806680     
  0.64284144446719815     
  0.65190060039365982     
  0.66086765656042401     
  0.66974134611221026     
  0.67852041538446406     
  0.68720362408047508     
  0.69578974544660388     
  0.70427756644559536     
  0.71266588792795693     
  0.72095352480137176     
  0.72913930619812750     
  0.73722207564053643     
  0.74520069120431831     
  0.75307402567993276     
  0.76084096673182955     
  0.76850041705559757     
  0.77605129453299060     
  0.78349253238480854     
  0.79082307932160989     
  0.79804189969223727     
  0.80514797363013280     
  0.81214029719742364     
  0.81901788252675700     
  0.82577975796086533     
  0.83242496818984069     
  0.83895257438609994     
  0.84536165433702071     
  0.85165130257523125     
  0.85782063050653290     
  0.86386876653544142     
  0.86979485618832253     
  0.87559806223411285     
  0.88127756480260200     
  0.88683256150026357     
  0.89226226752361559     
  0.89756591577009748     
  0.90274275694644446     
  0.90779205967454757     
  0.91271311059478200     
  0.91750521446678879     
  0.92216769426769862     
  0.92669989128778041     
  0.93110116522350272     
  0.93537089426799580     
  0.93950847519889891     
  0.94351332346358385     
  0.94738487326173892     
  0.95112257762530517     
  0.95472590849575112     
  0.95819435679867615     
  0.96152743251573269     
  0.96472466475385432     
  0.96778560181178386     
  0.97070981124388855     
  0.97349687992125611     
  0.97614641409006087     
  0.97865803942719265     
  0.98103140109314080     
  0.98326616378212561     
  0.98536201176946991     
  0.98731864895620391     
  0.98913579891089887     
  0.99081320490871916     
  0.99235062996769385     
  0.99374785688219602     
  0.99500468825363020     
  0.99612094651831962     
  0.99709647397259327     
  0.99793113279506540     
  0.99862480506610685     
  0.99917739278450501     
  0.99958881788130860     
  0.99985902223085787     
  0.99998796765899600     
  0.99997563594846284     
  0.99982202884146820     
  0.99952716803944541     
  0.99909109519998651     
  0.99851387193095553     
  0.99779557978178568     
  0.99693632023195755     
  0.99593621467666216     
  0.99479540440965109     
  0.99351405060327380     
  0.99209233428570798     
  0.99053045631538361     
  0.98882863735260640     
  0.98698711782838311     
  0.98500615791045287     
  0.98288603746653269     
  0.98062705602477629     
  0.97822953273145818     
  0.97569380630588487     
  0.97302023499254031     
  0.97020919651047510     
  0.96726108799994082     
  0.96417632596628400     
  0.96095534622110201     
  0.95759860382067241     
  0.95410657300166313     
  0.95047974711413219     
  0.94671863855182914     
  0.94282377867980327     
  0.93879571775933357     
  0.93463502487018890     
  0.93034228783022821     
  0.92591811311235517     
  0.92136312575883539     
  0.91667796929299172     
  0.91186330562828877     
  0.90691981497481700     
  0.90184819574319430     
  0.89664916444589560     
  0.89132345559602455     
  0.88587182160354228     
  0.88029503266896680     
  0.87459387667456268     
  0.86876915907302710     
  0.86282170277369796     
  0.85675234802629374     
  0.85056195230220388     
  0.84425139017334683     
  0.83782155318861129     
  0.83127334974789846     
  0.82460770497378544     
  0.81782556058082390     
  0.81092787474249739     
  0.80391562195585009     
  0.79678979290381102     
  0.78955139431523280     
  0.78220144882266152     
  0.77474099481785996     
  0.76717108630510511     
  0.75949279275227999     
  0.75170719893977977     
  0.74381540480725650     
  0.73581852529821912     
  0.72771769020251753     
  0.71951404399672503     
  0.71120874568244974     
  0.70280296862259228     
  0.69429790037557260     
  0.68569474252755458     
  0.67699471052268756     
  0.66819903349138887     
  0.65930895407669343     
  0.65032572825869672     
  0.64125062517710862     
  0.63208492695195262     
  0.62282992850242891     
  0.61348693736396931     
  0.60405727350351102     
  0.59454226913301234     
  0.58494326852124001     
  0.57526162780385182     
  0.56549871479180447     
  0.55565590877810911     
  0.54573460034296772     
  0.53573619115731330     
  0.52566209378478357     
  0.51551373148215496     
  0.50529253799826712     
  0.49499995737146452     
  0.48463744372558404     
  0.47420646106451841     
  0.46370848306538343     
  0.45314499287031840     
  0.44251748287694914     
  0.43182745452754484     
  0.42107641809689517     
  0.41026589247894063     
  0.39939740497218490     
  0.38847249106392029     
  0.37749269421329534     
  0.36645956563325699     
  0.35537466407139717     
  0.34423955558973413     
  0.33305581334346179     
  0.32182501735869590     
  0.31054875430924955     
  0.29922861729246975     
  0.28786620560416709     
  0.27646312451266830     
  0.26502098503202642     
  0.25354140369441813     
  0.24202600232176227     
  0.23047640779659076     
  0.21889425183220396     
  0.20728117074214519     
  0.19563880520902305     
  0.18396880005271860     
  0.17227280399800637     
  0.16055246944162535     
  0.14880945221882955     
  0.13704541136945331     
  0.12526200890352512     
  0.11346090956646035     
  0.10164378060386675     
   8.9812291526000301E-002
   7.7968113871895811E-002
   6.6112920973217026E-002
   5.4248387717847464E-002
   4.2376190313265907E-002
   3.0498006049733236E-002
   1.8615513063326539E-002
   6.7303900988546226E-003
  -5.1556837273136202E-003
  -1.7041029164472754E-002
  -2.8923967064823419E-002
  -4.0802818620699462E-002
  -5.2675905601750013E-002
  -6.4541550592035368E-002
  -7.6398077227012709E-002
  -8.8243810430369052E-002
 -0.10007707665067567     
 -0.11189620409782376     
 -0.12369952297921445     
 -0.13548536573566530     
 -0.14725206727699947     
 -0.15899796521728893     
 -0.17072140010971493     
 -0.18242071568101129     
 -0.19409425906546282     
 -0.20574038103841708     
 -0.21735743624928749     
 -0.22894378345400651     
 -0.24049778574689773     
 -0.25201781079193641     
 -0.26350223105336251     
 -0.27494942402562061     
 -0.28635777246258237     
 -0.29772566460603028     
 -0.30905149441336588     
 -0.32033366178450673     
 -0.33157057278795043     
 -0.34276063988596150     
 -0.35390228215885577     
 -0.36499392552835397     
 -0.37603400297996242     
 -0.38702095478436066     
 -0.39795322871775801     
 -0.40882928028119114     
 -0.41964757291872495     
 -0.43040657823454204     
 -0.44110477620886557     
 -0.45174065541271130     
 -0.46231271322141865     
 -0.47281945602693776     
 -0.48325939944884827     
 -0.49363106854406907     
 -0.50393299801523495     
 -0.51416373241771618     
 -0.52432182636523850     
 -0.53440584473408581     
 -0.54441436286585576     
 -0.55434596676872971     
 -0.56419925331724374     
 -0.57397283045051772     
 -0.58366531736892524     
 -0.59327534472917187     
 -0.60280155483775311     
 -0.61224260184276846     
 -0.62159715192406262     
 -0.63086388348166422     
 -0.64004148732250121     
 -0.64912866684536241     
 -0.65812413822407811     
 -0.66702663058889966     
 -0.67583488620604559     
 -0.68454766065539208     
 -0.69316372300628426     
 -0.70168185599143951     
 -0.71010085617892316     
 -0.71841953414216653     
 -0.72663671462800861     
 -0.73475123672273357     
 -0.74276195401608436     
 -0.75066773476322557     
 -0.75846746204463500     
 -0.76616003392390131     
 -0.77374436360340326     
 -0.78121937957785248     
 -0.78858402578567366     
 -0.79583726175820402     
 -0.80297806276668926     
 -0.81000541996705644     
 -0.81691834054244183     
 -0.82371584784345542     
 -0.83039698152616059     
 -0.83696079768774956     
 -0.84340636899989896     
 -0.84973278483977976     
 -0.85593915141870924     
 -0.86202459190842573     
 -0.86798824656496443     
 -0.87382927285012180     
 -0.87954684555048779     
 -0.88514015689403192     
 -0.89060841666422386     
 -0.89595085231167415     
 -0.90116670906327923     
 -0.90625525002885510     
 -0.91121575630524398     
 -0.91604752707788006     
 -0.92074987971980060     
 -0.92532214988808592     
 -0.92976369161771633     
 -0.93407387741283521     
 -0.93825209833539924     
 -0.94229776409120913     
 -0.94621030311330556     
 -0.94998916264271938     
 -0.95363380880656523     
 -0.95714372669346615     
 -0.96051842042629942     
 -0.96375741323225406     
 -0.96686024751018795     
 -0.96982648489527812     
 -0.97265570632095188     
 -0.97534751207809200     
 -0.97790152187150758     
 -0.98031737487366100     
 -0.98259472977564633     
 -0.98473326483540746     
 -0.98673267792319530     
 -0.98859268656425070     
 -0.99031302797871312     
 -0.99189345911874582     
 -0.99333375670287249     
 -0.99463371724752347     
 -0.99579315709578264     
 -0.99681191244333511     
 -0.99768983936160816     
 -0.99842681381810672     
 -0.99902273169393541     
 -0.99947750879850894     
 -0.99979108088144597     
 -0.99996340364164693     
 -0.99999445273355259     
 -0.99988422377058284     
 -0.99963273232575778     
 -0.99924001392949680     
 -0.99870612406459869     
 -0.99803113815840339     
 -0.99721515157213603     
 -0.99625827958743363     
 -0.99516065739005888     
 -0.99392244005080110     
 -0.99254380250356788     
 -0.99102493952067083     
 -0.98936606568530794     
 -0.98756741536124804     
 -0.98562924265972018     
 -0.98355182140351238     
 -0.98133544508828718     
 -0.97898042684111586     
 -0.97648709937624167     
 -0.97385581494807283     
 -0.97108694530141748     
 -0.96818088161896343     
 -0.96513803446601254     
 -0.96195883373247670     
 -0.95864372857214286     
 -0.95519318733921843     
 -0.95160769752216090     
 -0.94788776567480737     
 -0.94403391734480890     
 -0.94004669699938170     
 -0.93592666794838542     
 -0.93167441226473913     
 -0.92729053070218737     
 -0.92277564261042588     
 -0.91813038584760021     
 -0.91335541669019116     
 -0.90845140974029548     
 -0.90341905783031939     
 -0.89825907192509580     
 -0.89297218102144105     
 -0.88755913204516168     
 -0.88202068974552994     
 -0.87635763658724164     
 -0.87057077263986993     
 -0.86466091546483226     
 -0.85862889999988679     
 -0.85247557844117239     
 -0.84620182012281220     
 -0.83980851139409562     
 -0.83329655549425397     
 -0.82666687242485415     
 -0.81992039881982015     
 -0.81305808781310751     
 -0.80608090890404493     
 -0.79898984782036597     
 -0.79178590637894442     
 -0.78447010234426040     
 -0.77704346928461143     
 -0.76950705642609096     
 -0.76186192850435397     
 -0.75410916561419494     
 -0.74624986305695040     
 -0.73828513118575778     
 -0.73021609524868558     
 -0.72204389522975954     
 -0.71376968568790689     
 -0.70539463559384219     
 -0.69691992816491544     
 -0.68834676069794964     
 -0.67967634440008773     
 -0.67090990421767438     
 -0.66204867866319705     
 -0.65309391964031016     
 -0.64404689226696865     
 -0.63490887469669255     
 -0.62568115793799106     
 -0.61636504567197048     
 -0.60696185406815206     
 -0.59747291159852500     
 -0.58789955884985978     
 -0.57824314833431512     
 -0.56850504429835325     
 -0.55868662253000201     
 -0.54878927016448620     
 -0.53881438548825278     
 -0.52876337774142368     
 -0.51863766691870039     
 -0.50843868356874766     
 -0.49816786859208761     
 -0.48782667303753191     
 -0.47741655789717835     
 -0.46693899390000260     
 -0.45639546130407810     
 -0.44578744968744488     
 -0.43511645773766322     
 -0.42438399304008212     
 -0.41359157186484957     
 -0.40274071895269514     
 -0.39183296729951533     
 -0.38086985793979550     
 -0.36985293972889355     
 -0.35878376912421861     
 -0.34766390996533825     
 -0.33649493325303970     
 -0.32527841692738063     
 -0.31401594564476093     
 -0.30270911055404293     
 -0.29135950907175634     
 -0.27996874465641675     
 -0.26853842658199178     
 -0.25707016971054353     
 -0.24556559426408306     
 -0.23402632559566830     
 -0.22245399395977469     
 -0.21085023428197550     
 -0.19921668592796107     
 -0.18755499247193222     
 -0.17586680146439521     
 -0.16415376419940184     
 -0.15241753548125239     
 -0.14065977339071006     
 -0.12888213905074736     
 -0.11708629639186471     
 -0.10527391191701380     
  -9.3446654466153689E-002
  -8.1606194980480801E-002
  -6.9754206266359378E-002
  -5.7892362758990401E-002
  -4.6022340285847452E-002
  -3.4145815829920385E-002
  -2.2264467292790080E-002
  -1.0379973257578669E-002
   1.5059872481988923E-003
   1.3391734989847526E-002
   2.5275590762729509E-002
   3.7155875629504065E-002
   4.9030911157323387E-002
   6.0899019654959405E-002
   7.2758524409827552E-002
   8.4607749924869594E-002
   9.6445022155267027E-002
  0.10826866874494682     
  0.12007701926285110     
  0.13186840543893288     
  0.14364116139984798     
  0.15539362390430717     
  0.16712413257805786     
  0.17883103014845719     
  0.19051266267861483     
  0.20216737980105220     
  0.21379353495087211     
  0.22538948559837640     
  0.23695359348112632     
  0.24848422483538929     
  0.25997975062696094     
  0.27143854678130780     
  0.28285899441301787     
  0.29423948005451361     
  0.30557839588400082     
  0.31687413995262037     
  0.32812511641076914     
  0.33932973573356101     
  0.35048641494538985     
  0.36159357784357526     
  0.37264965522104210     
  0.38365308508802010     
  0.39460231289271658     
  0.40549579174094369     
  0.41633198261466242     
  0.42710935458941079     
  0.43782638505059301     
  0.44848155990859290     
  0.45907337381268154     
  0.46960033036369181     
  0.48006094232542856     
  0.49045373183478252     
  0.50077723061052237     
  0.51102998016073165     
  0.52121053198886069     
  0.53131744779837120     
  0.54134929969593593     
  0.55130467039317010     
  0.56118215340686350     
  0.57098035325768859     
  0.58069788566734981     
  0.59033337775415373     
  0.59988546822697020     
  0.60935280757755017     
  0.61873405827118666     
  0.62802789493567646     
  0.63723300454856968     
  0.64634808662267162     
  0.65537185338977300     
  0.66430302998258495     
  0.67314035461485178     
  0.68188257875961256     
  0.69052846732559370     
  0.69907679883170060     
  0.70752636557958570     
  0.71587597382427226     
  0.72412444394280495     
  0.73227061060090526     
  0.74031332291760887     
  0.74825144462786086     
  0.75608385424304481     
  0.76380944520942751     
  0.77142712606448960     
  0.77893582059112698     
  0.78633446796969786     
  0.79362202292789341     
  0.80079745588841311     
  0.80785975311442193     
  0.81480791685276999     
  0.82164096547495380     
  0.82835793361580012     
  0.83495787230985141     
  0.84143984912543413     
  0.84780294829639169     
  0.85404627085146367     
  0.86016893474129075     
  0.86617007496302956     
  0.87204884368255897     
  0.87780441035426238     
  0.88343596183836459     
  0.88894270251581264     
  0.89432385440067952     
  0.89957865725007624     
  0.90470636867155974     
  0.90970626422801515     
  0.91457763754000565     
  0.91931980038556738     
  0.92393208279744088     
  0.92841383315772397     
  0.93276441828993095     
  0.93698322354844710     
  0.94106965290536526     
  0.94502312903469188     
  0.94884309339391104     
  0.95252900630289472     
  0.95608034702014799     
  0.95949661381637874     
  0.96277732404538197     
  0.96592201421222657     
  0.96893024003873818     
  0.97180157652626575     
  0.97453561801572508     
  0.97713197824491016     
  0.97959029040306289     
  0.98191020718269695     
  0.98409140082866386     
  0.98613356318445888     
  0.98803640573575591     
  0.98979965965116945     
  0.99142307582023415     
  0.99290642488859926     
  0.99424949729043077     
  0.99545210327801992     
  0.99651407294858951     
  0.99743525626829788     
  0.99821552309343531     
  0.99885476318881106     
  0.99935288624332697     
  0.99970982188273627     
  0.99992551967958643     
  0.99999994916034329     
  0.99993309980969614     
  0.99972498107204366     
  0.99937562235015953     
  0.99888507300103802     
  0.99825340232892146     
  0.99748069957550878     
  0.99656707390734778     
  0.99551265440041159     
  0.99431759002186337     
  0.99298204960901071     
  0.99150622184545223     
  0.98989031523442006     
  0.98813455806932349     
  0.98623919840149565     
  0.98420450400514936     
  0.98203076233954556     
  0.97971828050838217     
  0.97726738521640666     
  0.97467842272325911     
  0.97195175879455409     
  0.96908777865020435     
  0.96608688690999855     
  0.96294950753643660     
  0.95967608377483216     
  0.95626707809069278     
  0.95272297210438239     
  0.94904426652307816     
  0.94523148107003263     
  0.94128515441114602     
  0.93720584407886531     
  0.93299412639341661     
  0.92865059638138303     
  0.92417586769163995     
  0.91957057250865970     
  0.91483536146319733     
  0.90997090354036925     
  0.90497788598514173     
  0.89985701420523578     
  0.89460901167146889     
  0.88923461981554419     
  0.88373459792530096     
  0.87810972303744439     
  0.87236078982776577     
  0.86648861049887149     
  0.86049401466543785     
  0.85437784923700166     
  0.84814097829831059     
