  0.98082730984632860     
  0.88496828520596993     
  0.64654827293672545     
  0.30399848519289885     
  -8.7493179425228551E-002
 -0.46488753384519299     
 -0.76741865179639057     
 -0.94635068036791925     
 -0.97283702165562758     
 -0.84260151805599681     
 -0.57664064280172900     
 -0.21781860065806344     
  0.17606956129327561     
  0.54160386961667872     
  0.81991988108899405     
  0.96617277327902429     
  0.95678089902854613     
  0.79325556064951053     
  0.50196078873585004     
  0.12983920985318864     
