  0.98082728124190488     
  0.98069074975992554     
  0.98054493017461120     
  0.98038982386036766     
  0.98022543228467518     
  0.98005175700342051     
  0.97986879966046492     
  0.97967656198791409     
  0.97947504580598033     
  0.97926425302202857     
  0.97904418563200613     
  0.97881484572005162     
  0.97857623545790928     
  0.97832835710481014     
  0.97807121300877020     
  0.97780480560508753     
  0.97752913741663150     
  0.97724421105522907     
  0.97695002921881691     
  0.97664659469437864     
  0.97633391035625350     
  0.97601197916643867     
  0.97568080417494074     
  0.97534038851853821     
  0.97499073542290426     
  0.97463184819995774     
  0.97426373025044699     
  0.97388638506150982     
  0.97349981620888559     
  0.97310402735450041     
  0.97269902224911930     
  0.97228480472972201     
  0.97186137872100642     
  0.97142874823579373     
  0.97098691737244958     
  0.97053589031855503     
  0.97007567134720718     
  0.96960626481979084     
  0.96912767518438692     
  0.96863990697593849     
  0.96814296481696283     
  0.96763685341635997     
  0.96712157757033912     
  0.96659714216216486     
  0.96606355216128359     
  0.96552081262479128     
  0.96496892869599737     
  0.96440790560475953     
  0.96383774866856797     
  0.96325846328997722     
  0.96267005495963887     
  0.96207252925371067     
  0.96146589183508846     
  0.96085014845299122     
  0.96022530494347291     
  0.95959136722791283     
  0.95894834131506856     
  0.95829623329876812     
  0.95763504935948329     
  0.95696479576427729     
  0.95628547886500126     
  0.95559710510043838     
  0.95489968099469402     
  0.95419321315800942     
  0.95347770828624456     
  0.95275317316077657     
  0.95201961464916285     
  0.95127703970343203     
  0.95052545536256627     
  0.94976486874950350     
  0.94899528707381964     
  0.94821671762943294     
  0.94742916779580744     
  0.94663264503784605     
  0.94582715690465879     
  0.94501271103174889     
  0.94418931513811577     
  0.94335697702844024     
  0.94251570459195455     
  0.94166550580269692     
  0.94080638871934508     
  0.93993836148450838     
  0.93906143232647277     
  0.93817560955716550     
  0.93728090157228550     
  0.93637731685310521     
  0.93546486396432926     
  0.93454355155414415     
  0.93361338835592311     
  0.93267438318627960     
  0.93172654494558160     
  0.93076988261815363     
  0.92980440527168851     
  0.92883012205834825     
  0.92784704221243453     
  0.92685517505232162     
  0.92585452998050588     
  0.92484511648096712     
  0.92382694412189525     
  0.92280002255471194     
  0.92176436151296026     
  0.92071997081384127     
  0.91966686035653966     
  0.91860504012332833     
  0.91753452017955994     
  0.91645531067205543     
  0.91536742183047359     
  0.91427086396684254     
  0.91316564747512652     
  0.91205178283161281     
  0.91092928059453238     
  0.90979815140369036     
  0.90865840598103553     
  0.90751005513018956     
  0.90635310973577876     
  0.90518758076450712     
  0.90401347926463682     
  0.90283081636463203     
  0.90163960327493298     
  0.90043985128728976     
  0.89923157177347257     
  0.89801477618675596     
  0.89678947606119641     
  0.89555568301055655     
  0.89431340873015475     
  0.89306266499540565     
  0.89180346366137309     
  0.89053581666425541     
  0.88925973601969444     
  0.88797523382296639     
  0.88668232225008081     
  0.88538101355607757     
  0.88407132007564071     
  0.88275325422325379     
  0.88142682849227860     
  0.88009205545552349     
  0.87874894776524670     
  0.87739751815205003     
  0.87603777942564132     
  0.87466974447486279     
  0.87329342626673911     
  0.87190883784674156     
  0.87051599233896337     
  0.86911490294573379     
  0.86770558294741618     
  0.86628804570248641     
  0.86486230464702851     
  0.86342837329494948     
  0.86198626523788646     
  0.86053599414505344     
  0.85907757376273908     
  0.85761101791448180     
  0.85613634050124188     
  0.85465355550060074     
  0.85316267696685599     
  0.85166371903142657     
  0.85015669590194132     
  0.84864162186252334     
  0.84711851127369298     
  0.84558737857191912     
  0.84404823826965059     
  0.84250110495562036     
  0.84094599329392261     
  0.83938291802408416     
  0.83781189396153910     
  0.83623293599680681     
  0.83464605909537282     
  0.83305127829801240     
  0.83144860872021353     
  0.82983806555213802     
  0.82821966405911429     
  0.82659341958034105     
  0.82495934752922673     
  0.82331746339363243     
  0.82166778273531149     
  0.82001032118987560     
  0.81834509446682713     
  0.81667211834896436     
  0.81499140869249909     
  0.81330298142708191     
  0.81160685255515019     
  0.80990303815220444     
  0.80819155436722168     
  0.80647241742096398     
  0.80474564360656564     
  0.80301124929018319     
  0.80126925090998424     
  0.79951966497568805     
  0.79776250806922766     
  0.79599779684433003     
  0.79422554802603773     
  0.79244577841095798     
  0.79065850486682143     
  0.78886374433227513     
  0.78706151381715050     
  0.78525183040211055     
  0.78343471123769493     
  0.78161017354547380     
  0.77977823461754026     
  0.77793891181543895     
  0.77609222257060473     
  0.77423818438466907     
  0.77237681482867193     
  0.77050813154297593     
  0.76863215223740999     
  0.76674889469074559     
  0.76485837675036727     
  0.76296061633290091     
  0.76105563142335320     
  0.75914344007513634     
  0.75722406040981383     
  0.75529751061698824     
  0.75336380895428545     
  0.75142297374705103     
  0.74947502338798233     
  0.74751997633720835     
  0.74555785112210049     
  0.74358866633684428     
  0.74161244064259357     
  0.73962919276731176     
  0.73763894150540243     
  0.73564170571705678     
  0.73363750432910879     
  0.73162635633432616     
  0.72960828079087348     
  0.72758329682270684     
  0.72555142361936453     
  0.72351268043521555     
  0.72146708658957093     
  0.71941466146687549     
  0.71735542451630241     
  0.71528939525129309     
  0.71321659324979469     
  0.71113703815344886     
  0.70905074966811366     
  0.70695774756341268     
  0.70485805167216420     
  0.70275168189057324     
  0.70063865817839721     
  0.69851900055820615     
  0.69639272911509276     
  0.69425986399692130     
  0.69212042541394270     
  0.68997443363845257     
  0.68782190900488427     
  0.68566287190979702     
  0.68349734281066610     
  0.68132534222669350     
  0.67914689073868217     
  0.67696200898819092     
  0.67477071767731922     
  0.67257303756898246     
  0.67036898948667456     
  0.66815859431413349     
  0.66594187299517982     
  0.66371884653325108     
  0.66148953599122295     
  0.65925396249203383     
  0.65701214721763668     
  0.65476411140895008     
  0.65250987636566193     
  0.65024946344604473     
  0.64798289406677645     
  0.64571018970298011     
  0.64343137188784250     
  0.64114646221219751     
  0.63885548232455969     
  0.63655845393085819     
  0.63425539879396942     
  0.63194633873384343     
  0.62963129562791109     
  0.62731029140944239     
  0.62498334806785560     
  0.62265048764921760     
  0.62031173225583458     
  0.61796710404530319     
  0.61561662523056104     
  0.61326031808009818     
  0.61089820491761171     
  0.60853030812168230     
  0.60615665012557263     
  0.60377725341674215     
  0.60139214053716117     
  0.59900133408258160     
  0.59660485670297148     
  0.59420273110195376     
  0.59179498003617104     
  0.58938162631524083     
  0.58696269280221391     
  0.58453820241307131     
  0.58210817811578031     
  0.57967264293051080     
  0.57723161993008165     
  0.57478513223921268     
  0.57233320303370305     
  0.56987585554106768     
  0.56741311303980935     
  0.56494499885977623     
  0.56247153638168434     
  0.55999274903643881     
  0.55750866030506063     
  0.55501929371912662     
  0.55252467286015061     
  0.55002482135886743     
  0.54751976289561699     
  0.54500952120021717     
  0.54249412005099096     
  0.53997358327535283     
  0.53744793474916741     
  0.53491719839660412     
  0.53238139818979968     
  0.52984055814888165     
  0.52729470234139864     
  0.52474385488221886     
  0.52218803993363772     
  0.51962728170482375     
  0.51706160445147786     
  0.51449103247588390     
  0.51191559012653498     
  0.50933530179781961     
  0.50675019193038551     
  0.50416028500982024     
  0.50156560556720120     
  0.49896617817889943     
  0.49636202746577662     
  0.49375317809328806     
  0.49113965477174887     
  0.48852148225527936     
  0.48589868534166492     
  0.48327128887293858     
  0.48063931773426738     
  0.47800279685344732     
  0.47536175120242830     
  0.47271620579541174     
  0.47006618568834613     
  0.46741171598000492     
  0.46475282181166511     
  0.46208952836567913     
  0.45942186086602671     
  0.45674984457829698     
  0.45407350480869324     
  0.45139286690436164     
  0.44870795625332277     
  0.44601879828374857     
  0.44332541846388690     
  0.44062784230207475     
  0.43792609534549332     
  0.43522020318137628     
  0.43251019143617492     
  0.42979608577484418     
  0.42707791190130995     
  0.42435569555760133     
  0.42162946252346772     
  0.41889923861742356     
  0.41616504969555052     
  0.41342692165061201     
  0.41068488041316636     
  0.40793895195112839     
  0.40518916226778978     
  0.40243553740378035     
  0.39967810343617083     
  0.39691688647702350     
  0.39415191267449967     
  0.39138320821268463     
  0.38861079931033926     
  0.38583471222121318     
  0.38305497323388915     
  0.38027160867136534     
  0.37748464489108557     
  0.37469410828384109     
  0.37190002527437205     
  0.36910242232130736     
  0.36630132591632086     
  0.36349676258314695     
  0.36068875887903201     
  0.35787734139421556     
  0.35506253675003385     
  0.35224437159976157     
  0.34942287262936350     
  0.34659806655578451     
  0.34376998012659327     
  0.34093864012063735     
  0.33810407334790810     
  0.33526630664829687     
  0.33242536689207247     
  0.32958128097905698     
  0.32673407583912228     
  0.32388377843187505     
  0.32103041574530600     
  0.31817401479653479     
  0.31531460263172795     
  0.31245220632463716     
  0.30958685297758481     
  0.30671856972138384     
  0.30384738371388553     
  0.30097332213973882     
  0.29809641221158339     
  0.29521668116837640     
  0.29233415627574921     
  0.28944886482611104     
  0.28656083413731481     
  0.28367009155303491     
  0.28077666444292843     
  0.27788058020196499     
  0.27498186624990312     
  0.27208055003087905     
  0.26917665901383114     
  0.26627022069269635     
  0.26336126258467063     
  0.26044981223054708     
  0.25753589719471681     
  0.25461954506543794     
  0.25170078345294622     
  0.24877963999033190     
  0.24585614233400072     
  0.24293031816130353     
  0.24000219517242607     
  0.23707180108886267     
  0.23413916365285092     
  0.23120431062964014     
  0.22826726980305181     
  0.22532806897847660     
  0.22238673598242489     
  0.21944329866000711     
  0.21649778487740862     
  0.21355022251953165     
  0.21060063949028243     
  0.20764906371394454     
  0.20469552313260816     
  0.20174004570636295     
  0.19878265941447057     
  0.19582339225378284     
  0.19286227223891503     
  0.18989932740200433     
  0.18693458579178809     
  0.18396807547422547     
  0.18099982453251953     
  0.17802986106517998     
  0.17505821318765280     
  0.17208490903068113     
  0.16910997674077138     
  0.16613344448026057     
  0.16315534042501673     
  0.16017569276741103     
  0.15719452971391085     
  0.15421187948375378     
  0.15122777031252488     
  0.14824223044742388     
  0.14525528815025732     
  0.14226697169589331     
  0.13927730937124430     
  0.13628632947713762     
  0.13329406032582186     
  0.13030053024200702     
  0.12730576756196357     
  0.12430980063448714     
  0.12131265781818383     
  0.11831436748377280     
  0.11531495801237242     
  0.11231445779555158     
  0.10931289523572055     
  0.10631029874368984     
  0.10330669674187613     
  0.10030211766081856     
   9.7296589941220465E-002
   9.4290142031100532E-002
   9.1282802388750112E-002
   8.8274599479819027E-002
   8.5265561778660889E-002
   8.2255717766543043E-002
   7.9245095933857507E-002
   7.6233724776463105E-002
   7.3221632797905639E-002
   7.0208848508953273E-002
   6.7195400426893884E-002
   6.4181317073833427E-002
   6.1166626979870534E-002
   5.8151358678470801E-002
   5.5135540710811920E-002
   5.2119201620989070E-002
   4.9102369959719498E-002
   4.6085074281627531E-002
   4.3067343144909120E-002
   4.0049205113465450E-002
   3.7030688753562552E-002
   3.4011822635079465E-002
   3.0992635332494221E-002
   2.7973155420920173E-002
   2.4953411480864052E-002
   2.1933432092512094E-002
   1.8913245840589930E-002
   1.5892881310461612E-002
   1.2872367088649502E-002
   9.8517317646531297E-003
   6.8310039279185384E-003
   3.8102121682355608E-003
   7.8938507725496987E-004
  -2.2314487536753344E-003
  -5.2522607341895190E-003
  -8.2730222724908264E-003
