  0.98082728123574159     
  0.98069074975971249     
  0.98054493017462885     
  0.98038982386027984     
  0.98022543228455050     
  0.98005175700328573     
  0.97986879966046636     
  0.97967656198798703     
  0.97947504580582034     
  0.97926425302187503     
  0.97904418563202200     
  0.97881484572010602     
  0.97857623545786054     
  0.97832835710491239     
  0.97807121300889965     
  0.97780480560512006     
  0.97752913741682579     
  0.97724421105513448     
  0.97695002921872198     
  0.97664659469435156     
  0.97633391035625328     
  0.97601197916653071     
  0.97568080417485314     
  0.97534038851861404     
  0.97499073542282433     
  0.97463184820001281     
  0.97426373025041635     
  0.97388638506156278     
  0.97349981620876913     
  0.97310402735461177     
  0.97269902224909421     
  0.97228480472968104     
  0.97186137872112754     
  0.97142874823564895     
  0.97098691737255471     
  0.97053589031848686     
  0.97007567134722028     
  0.96960626481982348     
  0.96912767518436826     
  0.96863990697597835     
  0.96814296481692164     
  0.96763685341636607     
  0.96712157757035744     
  0.96659714216211667     
  0.96606355216132922     
  0.96552081262479528     
  0.96496892869591755     
  0.96440790560489642     
  0.96383774866845484     
  0.96325846329006515     
  0.96267005495959579     
  0.96207252925370312     
  0.96146589183506448     
  0.96085014845305938     
  0.96022530494337754     
  0.95959136722799743     
  0.95894834131502948     
  0.95829623329873004     
  0.95763504935958033     
  0.95696479576421689     
  0.95628547886500437     
  0.95559710510046192     
  0.95489968099470379     
  0.95419321315797279     
  0.95347770828623579     
  0.95275317316083330     
  0.95201961464904361     
  0.95127703970353750     
  0.95052545536250499     
  0.94976486874954491     
  0.94899528707381808     
  0.94821671762943494     
  0.94742916779585218     
  0.94663264503773537     
  0.94582715690476227     
  0.94501271103169837     
  0.94418931513810977     
  0.94335697702844767     
  0.94251570459196232     
  0.94166550580268682     
  0.94080638871927269     
  0.93993836148463072     
  0.93906143232648431     
  0.93817560955706780     
  0.93728090157233801     
  0.93637731685315106     
  0.93546486396426376     
  0.93454355155416002     
  0.93361338835594676     
  0.93267438318627283     
  0.93172654494555152     
  0.93076988261811133     
  0.92980440527179065     
  0.92883012205828763     
  0.92784704221238756     
  0.92685517505247683     
  0.92585452998044304     
  0.92484511648092627     
  0.92382694412191857     
  0.92280002255469096     
  0.92176436151302821     
  0.92071997081375001     
  0.91966686035651368     
  0.91860504012345667     
  0.91753452017948289     
  0.91645531067199859     
  0.91536742183057662     
  0.91427086396688007     
  0.91316564747507567     
  0.91205178283157606     
  0.91092928059455447     
  0.90979815140371545     
  0.90865840598101522     
  0.90751005513013061     
  0.90635310973580541     
  0.90518758076458761     
  0.90401347926456344     
  0.90283081636460161     
  0.90163960327500259     
  0.90043985128724002     
  0.89923157177348245     
  0.89801477618680037     
  0.89678947606114989     
  0.89555568301063126     
  0.89431340873015397     
  0.89306266499528686     
  0.89180346366145935     
  0.89053581666429438     
  0.88925973601960218     
  0.88797523382299015     
  0.88668232225007759     
  0.88538101355607424     
  0.88407132007568645     
  0.88275325422316631     
  0.88142682849226717     
  0.88009205545563041     
  0.87874894776518675     
  0.87739751815199263     
  0.87603777942569627     
  0.87466974447485224     
  0.87329342626673323     
  0.87190883784676931     
  0.87051599233894639     
  0.86911490294575233     
  0.86770558294743916     
  0.86628804570246309     
  0.86486230464701785     
  0.86342837329494126     
  0.86198626523789446     
  0.86053599414507842     
  0.85907757376270832     
  0.85761101791445937     
  0.85613634050127285     
  0.85465355550059607     
  0.85316267696683601     
  0.85166371903142446     
  0.85015669590192700     
  0.84864162186253800     
  0.84711851127372018     
  0.84558737857190791     
  0.84404823826965281     
  0.84250110495564101     
  0.84094599329391928     
  0.83938291802407750     
  0.83781189396152456     
  0.83623293599679527     
  0.83464605909539658     
  0.83305127829801251     
  0.83144860872017323     
  0.82983806555213757     
  0.82821966405913705     
  0.82659341958033405     
  0.82495934752921396     
  0.82331746339363332     
  0.82166778273533958     
  0.82001032118990980     
  0.81834509446680603     
  0.81667211834892728     
  0.81499140869251474     
  0.81330298142710011     
  0.81160685255514176     
  0.80990303815219333     
  0.80819155436720047     
  0.80647241742096509     
  0.80474564360659873     
  0.80301124929016954     
  0.80126925090994683     
  0.79951966497570348     
  0.79776250806924209     
  0.79599779684431737     
  0.79422554802605683     
  0.79244577841096953     
  0.79065850486680678     
  0.78886374433229711     
  0.78706151381716039     
  0.78525183040206825     
  0.78343471123768615     
  0.78161017354550255     
  0.77977823461753515     
  0.77793891181542463     
  0.77609222257059929     
  0.77423818438465464     
  0.77237681482868581     
  0.77050813154299236     
  0.76863215223737891     
  0.76674889469071927     
  0.76485837675039658     
  0.76296061633293288     
  0.76105563142335919     
  0.75914344007512446     
  0.75722406040979351     
  0.75529751061700157     
  0.75336380895431176     
  0.75142297374702438     
  0.74947502338795113     
  0.74751997633722966     
  0.74555785112211970     
  0.74358866633683152     
  0.74161244064258047     
  0.73962919276730055     
  0.73763894150539988     
  0.73564170571707999     
  0.73363750432911690     
  0.73162635633431539     
  0.72960828079088702     
  0.72758329682272460     
  0.72555142361935931     
  0.72351268043520733     
  0.72146708658955638     
  0.71941466146686617     
  0.71735542451632595     
  0.71528939525130442     
  0.71321659324975728     
  0.71113703815343665     
  0.70905074966813675     
  0.70695774756341401     
  0.70485805167215410     
  0.70275168189056614     
  0.70063865817837556     
  0.69851900055822036     
  0.69639272911514305     
  0.69425986399691786     
  0.69212042541390129     
  0.68997443363846500     
  0.68782190900490925     
  0.68566287190978381     
  0.68349734281065200     
  0.68132534222668706     
  0.67914689073867451     
  0.67696200898820913     
  0.67477071767732499     
  0.67257303756894882     
  0.67036898948666312     
  0.66815859431416469     
  0.66594187299518126     
  0.66371884653322966     
  0.66148953599121929     
  0.65925396249204871     
  0.65701214721766443     
  0.65476411140896540     
  0.65250987636563595     
  0.65024946344602097     
  0.64798289406679455     
  0.64571018970299299     
  0.64343137188782906     
  0.64114646221218796     
  0.63885548232455114     
  0.63655845393085553     
  0.63425539879399040     
  0.63194633873384087     
  0.62963129562787801     
  0.62731029140943972     
  0.62498334806788625     
  0.62265048764923669     
  0.62031173225583203     
  0.61796710404528921     
  0.61561662523055249     
  0.61326031808011805     
  0.61089820491761815     
  0.60853030812165188     
  0.60615665012556219     
  0.60377725341676369     
  0.60139214053715995     
  0.59900133408257050     
  0.59660485670296737     
  0.59420273110194310     
  0.59179498003617759     
  0.58938162631526014     
  0.58696269280219060     
  0.58453820241305210     
  0.58210817811582050     
  0.57967264293053644     
  0.57723161993005934     
  0.57478513223920247     
  0.57233320303370405     
  0.56987585554106335     
  0.56741311303982611     
  0.56494499885977478     
  0.56247153638165370     
  0.55999274903644247     
  0.55750866030508417     
  0.55501929371911440     
  0.55252467286013685     
  0.55002482135887065     
  0.54751976289560966     
  0.54500952120022172     
  0.54249412005100572     
  0.53997358327534828     
  0.53744793474916952     
  0.53491719839662155     
  0.53238139818979779     
  0.52984055814886843     
  0.52729470234139275     
  0.52474385488221431     
  0.52218803993364948     
  0.51962728170483030     
  0.51706160445145366     
  0.51449103247587280     
  0.51191559012655852     
  0.50933530179782116     
  0.50675019193036497     
  0.50416028500981991     
  0.50156560556721930     
  0.49896617817891908     
  0.49636202746577585     
  0.49375317809326491     
  0.49113965477174570     
  0.48852148225529390     
  0.48589868534166453     
  0.48327128887293114     
  0.48063931773426205     
  0.47800279685343905     
  0.47536175120243906     
  0.47271620579541640     
  0.47006618568832270     
  0.46741171598000297     
  0.46475282181167921     
  0.46208952836567502     
  0.45942186086603087     
  0.45674984457830459     
  0.45407350480869213     
  0.45139286690437413     
  0.44870795625331955     
  0.44601879828372154     
  0.44332541846389617     
  0.44062784230209107     
  0.43792609534547894     
  0.43522020318137195     
  0.43251019143617586     
  0.42979608577483863     
  0.42707791190132260     
  0.42435569555759234     
  0.42162946252344441     
  0.41889923861744061     
  0.41616504969557233     
  0.41342692165060663     
  0.41068488041316220     
  0.40793895195112539     
  0.40518916226779511     
  0.40243553740378352     
  0.39967810343615234     
  0.39691688647702589     
  0.39415191267451116     
  0.39138320821267253     
  0.38861079931033449     
  0.38583471222121452     
  0.38305497323388576     
  0.38027160867137794     
  0.37748464489108374     
  0.37469410828383426     
  0.37190002527438715     
  0.36910242232130502     
  0.36630132591631126     
  0.36349676258314589     
  0.36068875887902996     
  0.35787734139422517     
  0.35506253675002802     
  0.35224437159974792     
  0.34942287262937588     
  0.34659806655578246     
  0.34376998012658666     
  0.34093864012064795     
  0.33810407334790055     
  0.33526630664829499     
  0.33242536689207691     
  0.32958128097904449     
  0.32673407583912406     
  0.32388377843187699     
  0.32103041574530838     
  0.31817401479653507     
  0.31531460263171740     
  0.31245220632464327     
  0.30958685297758515     
  0.30671856972137995     
  0.30384738371389602     
  0.30097332213972999     
  0.29809641221158728     
  0.29521668116838101     
  0.29233415627573389     
  0.28944886482612048     
  0.28656083413731903     
  0.28367009155303169     
  0.28077666444292831     
  0.27788058020195844     
  0.27498186624990661     
  0.27208055003087578     
  0.26917665901382726     
  0.26627022069269890     
  0.26336126258467585     
  0.26044981223054570     
  0.25753589719470771     
  0.25461954506544721     
  0.25170078345293867     
  0.24877963999033348     
  0.24585614233401093     
  0.24293031816129670     
  0.24000219517242666     
  0.23707180108885681     
  0.23413916365286125     
  0.23120431062963678     
  0.22826726980304732     
  0.22532806897848134     
  0.22238673598241770     
  0.21944329866001067     
  0.21649778487740162     
  0.21355022251953548     
  0.21060063949027971     
  0.20764906371394698     
  0.20469552313260467     
  0.20174004570636425     
  0.19878265941446749     
  0.19582339225378623     
  0.19286227223892349     
  0.18989932740199233     
  0.18693458579179589     
  0.18396807547421951     
  0.18099982453252439     
  0.17802986106517776     
  0.17505821318765624     
  0.17208490903067164     
  0.16910997674077533     
  0.16613344448025835     
  0.16315534042502208     
  0.16017569276740412     
  0.15719452971391965     
  0.15421187948374160     
  0.15122777031253168     
  0.14824223044742008     
  0.14525528815026698     
  0.14226697169588207     
  0.13927730937125357     
  0.13628632947712757     
  0.13329406032583063     
  0.13030053024200167     
  0.12730576756196335     
  0.12430980063448890     
  0.12131265781817901     
  0.11831436748377588     
  0.11531495801237104     
  0.11231445779555074     
  0.10931289523572307     
  0.10631029874368787     
  0.10330669674187772     
  0.10030211766081772     
   9.7296589941219244E-002
   9.4290142031102267E-002
   9.1282802388747128E-002
   8.8274599479820512E-002
   8.5265561778661125E-002
   8.2255717766539324E-002
   7.9245095933860490E-002
   7.6233724776463591E-002
   7.3221632797900976E-002
   7.0208848508955021E-002
   6.7195400426895341E-002
   6.4181317073832858E-002
   6.1166626979866828E-002
   5.8151358678472570E-002
   5.5135540710813898E-002
   5.2119201620989479E-002
   4.9102369959715279E-002
   4.6085074281627066E-002
   4.3067343144909009E-002
   4.0049205113465679E-002
   3.7030688753564661E-002
   3.4011822635081151E-002
   3.0992635332496757E-002
   2.7973155420923136E-002
   2.4953411480865703E-002
   2.1933432092511997E-002
   1.8913245840587827E-002
   1.5892881310459909E-002
   1.2872367088649994E-002
   9.8517317646531627E-003
   6.8310039279191534E-003
   3.8102121682348639E-003
   7.8938507725478230E-004
  -2.2314487536754593E-003
  -5.2522607341886421E-003
  -8.2730222724384794E-003
