  0.19004439040199667     
  0.18856281126745580     
  0.18246053517891359     
  0.17188644083222826     
  0.15709836664231416     
  0.13845690548452880     
  0.11641685669758287     
   9.1516538678136652E-002
   6.4365131146435273E-002
   3.5628194186391716E-002
   6.0115498182040338E-003
  -2.3756199805875226E-002
  -5.2942111325592900E-002
  -8.0827707979583968E-002
 -0.10672738929123744     
 -0.13000564735550765     
 -0.15009252391654018     
 -0.16649708873791125     
 -0.17881891060907856     
 -0.18675745094457921     
 -0.19011919238214814     
 -0.18882227001134208     
 -0.18289842033297465     
 -0.17249216241774082     
 -0.15785724425850015     
 -0.13935050341545813     
 -0.11742337933356538     
  -9.2611332474444280E-002
  -6.5521345615900048E-002
  -3.6817573689314383E-002
  -7.2052203051428633E-003
   2.2587080541368015E-002
   5.1825826943170290E-002
   7.9791435701341909E-002
  0.10579652309230562     
  0.12920304933364415     
  0.14943785793758566     
  0.16600632704400825     
  0.17850398949329896     
  0.18662601511789564     
  0.19017440750802181     
  0.18906272660534926     
  0.18331816271402163     
  0.17308085882161509     
  0.15860048207445604     
  0.14023016399066587     
  0.11841804164037981     
   9.3696701529928150E-002
   6.6670781280371405E-002
   3.8002808884040284E-002
