   5.2473210815478901E-003
   4.6628763072913554E-003
   4.0783862325001483E-003
   3.4938564125680006E-003
   2.9092924034301508E-003
   2.3246997610781614E-003
   1.7400840421777906E-003
   1.1554508033120763E-003
   5.7080560152276310E-004
  -1.3846006144046986E-005
  -5.9849846254149245E-004
  -1.1831462104015737E-003
  -1.7677836925616224E-003
  -2.3524053519416626E-003
  -2.9370056312830787E-003
  -3.5215789739639763E-003
  -4.1061198233130463E-003
  -4.6906226228368127E-003
  -5.2750818168436735E-003
  -5.8594918493715164E-003
  -6.4438471654333796E-003
  -7.0281422102172865E-003
  -7.6123714296704864E-003
  -8.1965292702068492E-003
  -8.7806101789037715E-003
  -9.3646086036668630E-003
  -9.9485189929187385E-003
  -1.0532335796271670E-002
  -1.1116053463743163E-002
  -1.1699666446584520E-002
  -1.2283169197011924E-002
  -1.2866556168161666E-002
  -1.3449821814340257E-002
  -1.4032960590789366E-002
  -1.4615966954190651E-002
  -1.5198835362336549E-002
  -1.5781560274398358E-002
  -1.6364136150722398E-002
  -1.6946557453200742E-002
  -1.7528818645202497E-002
  -1.8110914191468933E-002
  -1.8692838558405336E-002
  -1.9274586214101004E-002
  -1.9856151627999283E-002
  -2.0437529271694090E-002
  -2.1018713618207389E-002
  -2.1599699142554427E-002
  -2.2180480321533597E-002
  -2.2761051634013985E-002
  -2.3341407560703246E-002
  -2.3921542584505382E-002
  -2.4501451190136296E-002
  -2.5081127864873640E-002
  -2.5660567097892724E-002
  -2.6239763380652044E-002
  -2.6818711206912392E-002
  -2.7397405072881190E-002
  -2.7975839477194890E-002
  -2.8554008920853146E-002
  -2.9131907907286252E-002
  -2.9709530942726031E-002
  -3.0286872535835979E-002
  -3.0863927198188038E-002
  -3.1440689443814868E-002
  -3.2017153789555310E-002
  -3.2593314755331296E-002
  -3.3169166863694373E-002
  -3.3744704640264231E-002
  -3.4319922613627096E-002
  -3.4894815315422420E-002
  -3.5469377280230495E-002
  -3.6043603046034760E-002
  -3.6617487153919472E-002
  -3.7191024148178826E-002
  -3.7764208576458694E-002
  -3.8337034989706156E-002
  -3.8909497942371002E-002
  -3.9481591992347402E-002
  -4.0053311701034273E-002
  -4.0624651633349398E-002
  -4.1195606357843730E-002
  -4.1766170446936660E-002
  -4.2336338476551848E-002
  -4.2906105026321736E-002
  -4.3475464680096207E-002
  -4.4044412025183714E-002
  -4.4612941652997132E-002
  -4.5181048159153511E-002
  -4.5748726142919777E-002
  -4.6315970207886553E-002
  -4.6882774961824629E-002
  -4.7449135016597845E-002
  -4.8015044988406190E-002
  -4.8580499497581142E-002
  -4.9145493169039878E-002
  -4.9710020631982120E-002
  -5.0274076519957252E-002
  -5.0837655471285575E-002
  -5.1400752128718474E-002
  -5.1963361139487560E-002
  -5.2525477155724115E-002
  -5.3087094834174189E-002
  -5.3648208836307325E-002
  -5.4208813828510033E-002
  -5.4768904481934576E-002
  -5.5328475472640186E-002
  -5.5887521481770466E-002
  -5.6446037195586975E-002
  -5.7004017305259891E-002
  -5.7561456507007280E-002
  -5.8118349502337657E-002
  -5.8674690998162318E-002
  -5.9230475706438884E-002
  -5.9785698344437983E-002
  -6.0340353635061371E-002
  -6.0894436306480650E-002
  -6.1447941092273729E-002
  -6.2000862731781965E-002
  -6.2553195969800524E-002
  -6.3104935556707806E-002
  -6.3656076248684690E-002
  -6.4206612807618538E-002
  -6.4756540001115956E-002
  -6.5305852602833836E-002
  -6.5854545392182398E-002
  -6.6402613154397438E-002
  -6.6950050680891784E-002
  -6.7496852769109245E-002
  -6.8043014222528134E-002
  -6.8588529850830013E-002
  -6.9133394469811843E-002
  -6.9677602901563482E-002
  -7.0221149974508082E-002
  -7.0764030523383828E-002
  -7.1306239389261422E-002
  -7.1847771419799950E-002
  -7.2388621469081108E-002
  -7.2928784397677138E-002
  -7.3468255072869415E-002
  -7.4007028368520050E-002
  -7.4545099165149217E-002
  -7.5082462350158002E-002
  -7.5619112817669309E-002
  -7.6155045468553687E-002
  -7.6690255210715638E-002
  -7.7224736958922444E-002
  -7.7758485634984054E-002
  -7.8291496167789146E-002
  -7.8823763493236554E-002
  -7.9355282554346110E-002
  -7.9886048301451448E-002
  -8.0416055692034541E-002
  -8.0945299690802719E-002
  -8.1473775269961843E-002
  -8.2001477409050533E-002
  -8.2528401094923320E-002
  -8.3054541322065814E-002
  -8.3579893092418187E-002
  -8.4104451415506584E-002
  -8.4628211308543547E-002
  -8.5151167796377644E-002
  -8.5673315911493617E-002
  -8.6194650694273262E-002
  -8.6715167192931750E-002
  -8.7234860463430958E-002
  -8.7753725569709382E-002
  -8.8271757583731736E-002
  -8.8788951585425310E-002
  -8.9305302662786010E-002
  -8.9820805911917989E-002
  -9.0335456436960185E-002
  -9.0849249350416980E-002
  -9.1362179773032223E-002
  -9.1874242833779013E-002
  -9.2385433670008080E-002
  -9.2895747427467951E-002
  -9.3405179260292112E-002
  -9.3913724331134596E-002
  -9.4421377811199594E-002
  -9.4928134880260473E-002
  -9.5433990726766435E-002
  -9.5938940547793311E-002
  -9.6442979548961791E-002
  -9.6946102944889381E-002
  -9.7448305959053766E-002
  -9.7949583823608855E-002
  -9.8449931779604649E-002
  -9.8949345077188514E-002
  -9.9447818975455862E-002
  -9.9945348742471060E-002
 -0.10044192965543371     
 -0.10093755700067918     
 -0.10143222607371472     
 -0.10192593217929395     
 -0.10241867063141713     
 -0.10291043675334031     
 -0.10340122587783641     
 -0.10389103334697339     
 -0.10437985451219367     
 -0.10486768473455683     
 -0.10535451938469791     
 -0.10584035384272539     
 -0.10632518349839769     
 -0.10680900375120445     
 -0.10729181001028608     
 -0.10777359769454652     
 -0.10825436223280047     
 -0.10873409906361102     
 -0.10921280363544877     
 -0.10969047140671970     
 -0.11016709784584038     
 -0.11064267843124566     
 -0.11111720865142921     
 -0.11159068400499109     
 -0.11206310000068959     
 -0.11253445215749057     
 -0.11300473600461801     
 -0.11347394708159056     
 -0.11394208093821274     
 -0.11440913313464626     
 -0.11487509924146366     
 -0.11533997483980997     
 -0.11580375552122277     
 -0.11626643688775634     
 -0.11672801455212690     
 -0.11718848413765286     
 -0.11764784127826101     
 -0.11810608161865860     
 -0.11856320081433970     
 -0.11901919453151424     
 -0.11947405844720706     
 -0.11992778824938594     
 -0.12038037963686776     
 -0.12083182831948984     
 -0.12128213001806210     
 -0.12173128046442612     
 -0.12217927540154407     
 -0.12262611058350600     
 -0.12307178177548826     
 -0.12351628475387749     
 -0.12395961530638262     
 -0.12440176923196630     
 -0.12484274234087028     
 -0.12528253045473850     
 -0.12572112940663679     
 -0.12615853504098037     
 -0.12659474321378941     
 -0.12702974979257167     
 -0.12746355065631523     
 -0.12789614169565214     
 -0.12832751881293725     
 -0.12875767792214959     
 -0.12918661494894040     
 -0.12961432583074731     
 -0.13004080651680333     
 -0.13046605296818098     
 -0.13089006115787630     
 -0.13131282707069084     
 -0.13173434670340523     
 -0.13215461606480733     
 -0.13257363117571933     
 -0.13299138806901270     
 -0.13340788278967997     
 -0.13382311139482758     
 -0.13423706995369997     
 -0.13464975454778083     
 -0.13506116127080964     
 -0.13547128622879301     
 -0.13588012554010281     
 -0.13628767533547378     
 -0.13669393175788563     
 -0.13709889096287201     
 -0.13750254911850060     
 -0.13790490240524669     
 -0.13830594701605428     
 -0.13870567915653134     
 -0.13910409504492369     
 -0.13950119091207228     
 -0.13989696300150359     
 -0.14029140756944306     
 -0.14068452088484351     
 -0.14107629922951925     
 -0.14146673889806363     
 -0.14185583619792702     
 -0.14224358744940521     
 -0.14262998898571894     
 -0.14301503715307232     
 -0.14339872831071207     
 -0.14378105883084630     
 -0.14416202509865786     
 -0.14454162351252864     
 -0.14491985048402167     
 -0.14529670243770360     
 -0.14567217581132041     
 -0.14604626705599408     
 -0.14641897263599232     
 -0.14679028902890220     
 -0.14716021272582025     
 -0.14752874023127960     
 -0.14789586806307919     
 -0.14826159275239598     
 -0.14862591084386065     
 -0.14898881889555465     
 -0.14935031347910685     
 -0.14971039117970725     
 -0.15006904859607725     
 -0.15042628234059419     
 -0.15078208903924961     
 -0.15113646533171554     
 -0.15148940787135237     
 -0.15184091332528646     
 -0.15219097837438642     
 -0.15253959971332801     
 -0.15288677405063611     
 -0.15323249810865786     
 -0.15357676862362596     
 -0.15391958234571398     
 -0.15426093603902488     
 -0.15460082648163948     
 -0.15493925046567042     
 -0.15527620479719145     
 -0.15561168629640901     
 -0.15594569179761325     
 -0.15627821814919141     
 -0.15660926221371418     
 -0.15693882086793220     
 -0.15726689100274538     
 -0.15759346952333297     
 -0.15791855334916821     
 -0.15824213941394069     
 -0.15856422466569212     
 -0.15888480606688471     
 -0.15920388059420920     
 -0.15952144523881623     
 -0.15983749700637040     
 -0.16015203291691787     
 -0.16046505000493538     
 -0.16077654531949209     
 -0.16108651592417342     
 -0.16139495889709221     
 -0.16170187133100170     
 -0.16200725033325034     
 -0.16231109302579469     
 -0.16261339654527374     
 -0.16291415804301435     
 -0.16321337468504452     
 -0.16351104365221433     
 -0.16380716214005356     
 -0.16410172735888157     
 -0.16439473653387660     
 -0.16468618690501444     
 -0.16497607572717438     
 -0.16526440027016354     
 -0.16555115781860777     
 -0.16583634567209271     
 -0.16611996114523744     
 -0.16640200156756937     
 -0.16668246428358968     
 -0.16696134665296528     
 -0.16723864605032185     
 -0.16751435986533816     
 -0.16778848550288489     
 -0.16806102038292051     
 -0.16833196194050212     
 -0.16860130762589914     
 -0.16886905490457199     
 -0.16913520125718287     
 -0.16939974417962639     
 -0.16966268118303560     
 -0.16992400979387456     
 -0.17018372755388159     
 -0.17044183202008242     
 -0.17069832076485267     
 -0.17095319137601181     
 -0.17120644145669267     
 -0.17145806862538104     
 -0.17170807051608827     
 -0.17195644477826794     
 -0.17220318907674986     
 -0.17244830109189738     
 -0.17269177851962136     
 -0.17293361907132668     
 -0.17317382047393085     
 -0.17341238046995236     
 -0.17364929681747893     
 -0.17388456729023502     
 -0.17411818967752640     
 -0.17435016178427928     
 -0.17458048143114108     
 -0.17480914645441512     
 -0.17503615470607062     
 -0.17526150405385202     
 -0.17548519238120389     
 -0.17570721758727159     
 -0.17592757758701172     
 -0.17614627031121471     
 -0.17636329370639864     
 -0.17657864573494653     
 -0.17679232437507283     
 -0.17700432762080545     
 -0.17721465348209975     
 -0.17742329998479262     
 -0.17763026517059086     
 -0.17783554709712709     
 -0.17803914383798300     
 -0.17824105348272457     
 -0.17844127413686417     
 -0.17863980392184503     
 -0.17883664097516627     
 -0.17903178345034837     
 -0.17922522951693290     
 -0.17941697736046444     
 -0.17960702518261565     
 -0.17979537120111846     
 -0.17998201364973990     
 -0.18016695077843287     
 -0.18035018085320353     
 -0.18053170215621756     
 -0.18071151298582433     
 -0.18088961165642006     
 -0.18106599649871369     
 -0.18124066585954068     
 -0.18141361810189660     
 -0.18158485160507265     
 -0.18175436476451834     
 -0.18192215599196870     
 -0.18208822371542890     
 -0.18225256637909301     
 -0.18241518244348665     
 -0.18257607038545401     
 -0.18273522869808867     
 -0.18289265589082054     
 -0.18304835048940243     
 -0.18320231103592310     
 -0.18335453608884589     
 -0.18350502422298542     
 -0.18365377402949251     
 -0.18380078411595996     
 -0.18394605310633136     
 -0.18408957964098430     
 -0.18423136237670176     
 -0.18437139998667082     
 -0.18450969116058602     
 -0.18464623460450871     
 -0.18478102904097660     
 -0.18491407320906436     
 -0.18504536586421272     
 -0.18517490577844747     
 -0.18530269174023553     
 -0.18542872255455836     
 -0.18555299704294373     
 -0.18567551404339633     
 -0.18579627241048599     
 -0.18591527101531710     
 -0.18603250874554741     
 -0.18614798450536241     
 -0.18626169721556832     
 -0.18637364581350666     
 -0.18648382925311535     
 -0.18659224650492490     
 -0.18669889655604291     
 -0.18680377841023771     
 -0.18690689108782507     
 -0.18700823362578542     
 -0.18710780507769439     
 -0.18720560451381471     
 -0.18730163102099484     
 -0.18739588370276603     
 -0.18748836167929364     
 -0.18757906408743188     
 -0.18766799008065610     
 -0.18775513882916894     
 -0.18784050951983147     
 -0.18792410135617721     
 -0.18800591355843094     
 -0.18808594536355008     
 -0.18816419602514026     
 -0.18824066481357429     
 -0.18831535101587840     
 -0.18838825393585079     
 -0.18845937289396900     
 -0.18852870722745432     
 -0.18859625629027685     
 -0.18866201945310493     
 -0.18872599610337848     
 -0.18878818564527935     
 -0.18884858749970965     
 -0.18890720110437123     
 -0.18896402591366837     
 -0.18901906139881802     
 -0.18907230704775538     
 -0.18912376236520556     
 -0.18917342687266936     
 -0.18922130010839341     
 -0.18926738162742010     
 -0.18931167100157417     
 -0.18935416781944303     
 -0.18939487168640565     
 -0.18943378222463900     
 -0.18947089907308537     
