  -4.2818683781966717E-002
  -4.5837047651167750E-002
  -4.8854977287435000E-002
  -5.1872444104626048E-002
  -5.4889419520340876E-002
  -5.7905874958413595E-002
  -6.0921781845722597E-002
  -6.3937111616097844E-002
  -6.6951835707510204E-002
  -6.9965925564422216E-002
  -7.2979352637282238E-002
  -7.5992088382412920E-002
  -7.9004104263175584E-002
  -8.2015371749849644E-002
  -8.5025862318282408E-002
  -8.8035547454082028E-002
  -9.1044398649081371E-002
  -9.4052387402503990E-002
  -9.7059485224168976E-002
 -0.10006566362897223     
 -0.10307089414328580     
 -0.10607514830084142     
 -0.10907839764572869     
 -0.11208061373088880     
 -0.11508176811911955     
 -0.11808183238391519     
 -0.12108077810786735     
 -0.12407857688611559     
 -0.12707520032231293     
 -0.13007062003287145     
 -0.13306480764558593     
 -0.13605773479939562     
 -0.13904937314565682     
 -0.14203969434694433     
 -0.14502867007962944     
 -0.14801627203218257     
 -0.15100247190655514     
 -0.15398724141712000     
 -0.15697055229256843     
 -0.15995237627556108     
 -0.16293268512217235     
 -0.16591145060339502     
 -0.16888864450522739     
 -0.17186423862698316     
 -0.17483820478536788     
 -0.17781051481076457     
 -0.18078114055013908     
 -0.18375005386594029     
 -0.18671722663758403     
 -0.18968263076024700     
 -0.19264623814670026     
 -0.19560802072533645     
 -0.19856795044399345     
 -0.20152599926656331     
 -0.20448213917494840     
 -0.20743634216916484     
 -0.21038858026806048     
 -0.21333882550923441     
 -0.21628704994868203     
 -0.21923322566114992     
 -0.22217732474200488     
 -0.22511931930536022     
 -0.22805918148648419     
 -0.23099688343952945     
 -0.23393239733927493     
 -0.23686569538253985     
 -0.23979674978586404     
 -0.24272553278773859     
 -0.24565201664808220     
 -0.24857617364867518     
 -0.25149797609259023     
 -0.25441739630652443     
 -0.25733440663927509     
 -0.26024897946226805     
 -0.26316108717029624     
 -0.26607070218123358     
 -0.26897779693707613     
 -0.27188234390362115     
 -0.27478431557078170     
 -0.27768368445264768     
 -0.28058042308805675     
 -0.28347450404179392     
 -0.28636589990272138     
 -0.28925458328483244     
 -0.29214052682980085     
 -0.29502370320314913     
 -0.29790408509750493     
 -0.30078164523309914     
 -0.30365635635496591     
 -0.30652819123632891     
 -0.30939712267789110     
 -0.31226312350736862     
 -0.31512616658072740     
 -0.31798622478114164     
 -0.32084327102127380     
 -0.32369727824175498     
 -0.32654821941149798     
 -0.32939606752983686     
 -0.33224079562479603     
 -0.33508237675332975     
 -0.33792078400344805     
 -0.34075599049275240     
 -0.34358796936899738     
 -0.34641669381105128     
 -0.34924213702812407     
 -0.35206427226048970     
 -0.35488307278035247     
 -0.35769851189202784     
 -0.36051056293087574     
 -0.36331919926398892     
 -0.36612439429142685     
 -0.36892612144675446     
 -0.37172435419525363     
 -0.37451906603526286     
 -0.37731023049975515     
 -0.38009782115453533     
 -0.38288181159890655     
 -0.38566217546745885     
 -0.38843888642852237     
 -0.39121191818478906     
 -0.39398124447442534     
 -0.39674683907058111     
 -0.39950867578143534     
 -0.40226672845187078     
 -0.40502097096196282     
 -0.40777137722733703     
 -0.41051792120094011     
 -0.41326057687228079     
 -0.41599931826745390     
 -0.41873411944998290     
 -0.42146495452035732     
 -0.42419179761693548     
 -0.42691462291612986     
 -0.42963340463230354     
 -0.43234811701786996     
 -0.43505873436455011     
 -0.43776523100253906     
 -0.44046758130085462     
 -0.44316575966840210     
 -0.44585974055333977     
 -0.44854949844346398     
 -0.45123500786729676     
 -0.45391624339330311     
 -0.45659317963001211     
 -0.45926579122742461     
 -0.46193405287617201     
 -0.46459793930839971     
 -0.46725742529793163     
 -0.46991248565994082     
 -0.47256309525148177     
 -0.47520922897244378     
 -0.47785086176473662     
 -0.48048796861265064     
 -0.48312052454421389     
 -0.48574850463037539     
 -0.48837188398489506     
 -0.49099063776591445     
 -0.49360474117508291     
 -0.49621416945818436     
 -0.49881889790564382     
 -0.50141890185227667     
 -0.50401415667726379     
 -0.50660463780545695     
 -0.50919032070706038     
 -0.51177118089717366     
 -0.51434719393694617     
 -0.51691833543381749     
 -0.51948458104117567     
 -0.52204590645889870     
 -0.52460228743354187     
 -0.52715369975795112     
 -0.52970011927291583     
 -0.53224152186653428     
 -0.53477788347414179     
 -0.53730918007905948     
 -0.53983538771268491     
 -0.54235648245440571     
 -0.54487244043228544     
 -0.54738323782320053     
 -0.54988885085291084     
 -0.55238925579660392     
 -0.55488442897863988     
 -0.55737434677212749     
 -0.55985898560117076     
 -0.56233832194018285     
 -0.56481233231295780     
 -0.56728099329377102     
 -0.56974428150836187     
 -0.57220217363317405     
 -0.57465464639547614     
 -0.57710167657417144     
 -0.57954324099977761     
 -0.58197931655461865     
 -0.58440988017318796     
 -0.58683490884212131     
 -0.58925437960025939     
 -0.59166826953992691     
 -0.59407655580581509     
 -0.59647921559538764     
 -0.59887622616007175     
 -0.60126756480502319     
 -0.60365320888864016     
 -0.60603313582343243     
 -0.60840732307639023     
 -0.61077574816859914     
 -0.61313838867580150     
 -0.61549522222908659     
 -0.61784622651410170     
 -0.62019137927184420     
 -0.62253065829876786     
 -0.62486404144715180     
 -0.62719150662515555     
 -0.62951303179698748     
 -0.63182859498313515     
 -0.63413817426063857     
 -0.63644174776330453     
 -0.63873929368194426     
 -0.64103079026457643     
 -0.64331621581635889     
 -0.64559554869992508     
 -0.64786876733566923     
 -0.65013585020251619     
 -0.65239677583702327     
 -0.65465152283401429     
 -0.65690006984727134     
 -0.65914239558921928     
 -0.66137847883098111     
 -0.66360829840321034     
 -0.66583183319608952     
 -0.66804906215900939     
 -0.67025996430105372     
 -0.67246451869158497     
 -0.67466270445980658     
 -0.67685450079560971     
 -0.67903988694929918     
 -0.68121884223189544     
 -0.68339134601558493     
 -0.68555737773371639     
 -0.68771691688060532     
 -0.68986994301216320     
 -0.69201643574640281     
 -0.69415637476310033     
 -0.69628973980395603     
 -0.69841651067315602     
 -0.70053666723745156     
 -0.70265018942585145     
 -0.70475705723083082     
 -0.70685725070773686     
 -0.70895074997479857     
 -0.71103753521390367     
 -0.71311758667093639     
 -0.71519088465534875     
 -0.71725740954038941     
 -0.71931714176360817     
 -0.72137006182693508     
 -0.72341615029690709     
 -0.72545538780501961     
 -0.72748775504718544     
 -0.72951323278460312     
 -0.73153180184383026     
 -0.73354344311693220     
 -0.73554813756159965     
 -0.73754586620143403     
 -0.73953661012591543     
 -0.74152035049057896     
 -0.74349706851744557     
 -0.74546674549508363     
 -0.74742936277873839     
 -0.74938490179075534     
 -0.75133334402053176     
 -0.75327467102403622     
 -0.75520886442525581     
 -0.75713590591603996     
 -0.75905577725558404     
 -0.76096846027071618     
 -0.76287393685674332     
 -0.76477218897741228     
 -0.76666319866472576     
 -0.76854694801926871     
 -0.77042341921035207     
 -0.77229259447619858     
 -0.77415445612445188     
 -0.77600898653185357     
 -0.77785616814470238     
 -0.77969598347865221     
 -0.78152841511913052     
 -0.78335344572176080     
 -0.78517105801246778     
 -0.78698123478709825     
 -0.78878395891170161     
 -0.79057921332339232     
 -0.79236698103020053     
 -0.79414724511055990     
 -0.79591998871392211     
 -0.79768519506147573     
 -0.79944284744559568     
 -0.80119292923031316     
 -0.80293542385105354     
 -0.80467031481493234     
 -0.80639758570144437     
 -0.80811722016256793     
 -0.80982920192220631     
 -0.81153351477661628     
 -0.81323014259508686     
 -0.81491906931956204     
 -0.81660027896466847     
 -0.81827375561850768     
 -0.81993948344217749     
 -0.82159744667015144     
 -0.82324762961049913     
 -0.82489001664504780     
 -0.82652459222929753     
 -0.82815134089288367     
 -0.82977024723962245     
 -0.83138129594739008     
 -0.83298447176855839     
 -0.83457975953013430     
 -0.83616714413370086     
 -0.83774661055576582     
 -0.83931814384791825     
 -0.84088172913648929     
 -0.84243735162345890     
 -0.84398499658615000     
 -0.84552464937727700     
 -0.84705629542544647     
 -0.84857992023507300     
 -0.85009550938622591     
 -0.85160304853532032     
 -0.85310252341512505     
 -0.85459391983439448     
 -0.85607722367857952     
 -0.85755242091008388     
 -0.85901949756737661     
 -0.86047843976613536     
 -0.86192923369943730     
 -0.86337186563715196     
 -0.86480632192624141     
 -0.86623258899144095     
 -0.86765065333492419     
 -0.86906050153641656     
 -0.87046212025365488     
 -0.87185549622220160     
 -0.87324061625555638     
 -0.87461746724544209     
 -0.87598603616185799     
 -0.87734631005318187     
 -0.87869827604666817     
 -0.88004192134783976     
 -0.88137723324101902     
 -0.88270419908959186     
 -0.88402280633577890     
 -0.88533304250113021     
 -0.88663489518659533     
 -0.88792835207208343     
 -0.88921340091710543     
 -0.89049002956107104     
 -0.89175822592278808     
 -0.89301797800074068     
 -0.89426927387393640     
 -0.89551210170103457     
 -0.89674644972074535     
 -0.89797230625244939     
 -0.89918965969578379     
 -0.90039849853065534     
 -0.90159881131776975     
 -0.90279058669857026     
 -0.90397381339525051     
 -0.90514848021092931     
 -0.90631457602969190     
 -0.90747208981697347     
 -0.90862101061935396     
 -0.90976132756461381     
 -0.91089302986199838     
 -0.91201610680267797     
 -0.91313054775915270     
 -0.91423634218543981     
 -0.91533347961786793     
 -0.91642194967467616     
 -0.91750174205576807     
 -0.91857284654340887     
 -0.91963525300226379     
 -0.92068895137921514     
 -0.92173393170342632     
 -0.92277018408673517     
 -0.92379769872355144     
 -0.92481646589112232     
 -0.92582647594932566     
 -0.92682771934085373     
 -0.92782018659162757     
 -0.92880386831056272     
 -0.92977875518959396     
 -0.93074483800416019     
 -0.93170210761291061     
 -0.93265055495768345     
 -0.93359017106402120     
 -0.93452094704125854     
 -0.93544287408207349     
 -0.93635594346310802     
 -0.93726014654479917     
 -0.93815547477134187     
 -0.93904191967117145     
 -0.93991947285676425     
 -0.94078812602463069     
 -0.94164787095552482     
 -0.94249869951457688     
 -0.94334060365144168     
 -0.94417357540013691     
 -0.94499760687901968     
 -0.94581269029128034     
 -0.94661881792483538     
 -0.94741598215232403     
 -0.94820417543103819     
 -0.94898339030346790     
 -0.94975361939699676     
 -0.95051485542384750     
 -0.95126709118167674     
 -0.95201031955306370     
 -0.95274453350594868     
 -0.95346972609372582     
 -0.95418589045472813     
 -0.95489301981327346     
 -0.95559110747895926     
 -0.95628014684677909     
 -0.95696013139769165     
 -0.95763105469807797     
 -0.95829291040024722     
 -0.95894569224240278     
 -0.95958939404830723     
 -0.96022400972788313     
 -0.96084953327713518     
 -0.96146595877792373     
 -0.96207328039828477     
 -0.96267149239240668     
 -0.96326058910067724     
 -0.96384056494984494     
 -0.96441141445293921     
 -0.96497313220922065     
 -0.96552571290459399     
 -0.96606915131126592     
 -0.96660344228807671     
 -0.96712858078038677     
 -0.96764456182010150     
 -0.96815138052603678     
 -0.96864903210343400     
 -0.96913751184435171     
 -0.96961681512790610     
 -0.97008693741965057     
 -0.97054787427238454     
 -0.97099962132563067     
 -0.97144217430592017     
 -0.97187552902690011     
 -0.97229968138910383     
 -0.97271462738026826     
 -0.97312036307522620     
 -0.97351688463599262     
 -0.97390418831166792     
 -0.97428227043877991     
 -0.97465112744098092     
 -0.97501075582928043     
 -0.97536115220202346     
 -0.97570231324485590     
 -0.97603423573100023     
 -0.97635691652089107     
 -0.97667035256256951     
 -0.97697454089145752     
 -0.97726947863065272     
 -0.97755516299063050     
 -0.97783159126953090     
 -0.97809876085303415     
 -0.97835666921451758     
 -0.97860531391486605     
 -0.97884469260278639     
 -0.97907480301461125     
 -0.97929564297434546     
 -0.97950721039372857     
 -0.97970950327234341     
 -0.97990251969740072     
 -0.98008625784404824     
 -0.98026071597509312     
 -0.98042589244129341     
 -0.98058178568114096     
 -0.98072839422101843     
 -0.98086571667520706     
 -0.98099375174578740     
 -0.98111249822279512     
 -0.98122195498415765     
 -0.98132212099566651     
 -0.98141299531111303     
 -0.98149457707213450     
 -0.98156686550838412     
 -0.98162985993739837     
 -0.98168355976469801     
 -0.98172796448376387     
 -0.98176307367601534     
 -0.98178888701085576     
 -0.98180540424565810     
 -0.98181262522575696     
 -0.98181054988446614     
 -0.98179917824306950     
 -0.98177851041082709     
