  -5.7033365425993680E-008
  -4.5669853782145810E-007
  -8.1183544746134724E-007
  -1.0878373069967206E-006
  -1.2578470081210426E-006
  -1.3053585400512734E-006
  -1.2257864619319225E-006
  -1.0268673863559816E-006
  -7.2792203449697524E-007
  -3.5802248095588374E-007
   4.6795038513847140E-008
   4.4705924607349191E-007
   8.0373830804642532E-007
   1.0820732270865489E-006
   1.2549864201864018E-006
   1.3056936332654819E-006
   1.2292830219953253E-006
   1.0331764001818422E-006
   7.3642174575388363E-007
   3.6788594036344356E-007
  -3.6526908119458946E-008
  -4.3738605652022097E-007
  -7.9560000759843193E-007
  -1.0762581523026169E-006
  -1.2520581821987690E-006
  -1.3059467133606876E-006
  -1.2327048210323373E-006
  -1.0394275061586442E-006
  -7.4488244415997954E-007
  -3.7772499908835035E-007
   2.6272910763814036E-008
   4.2771707437054880E-007
   7.8745587059820769E-007
   1.0704240992974325E-006
   1.2490892171476275E-006
   1.3061257767655498E-006
   1.2360292790763620E-006
   1.0455822869927680E-006
   7.5325807784362440E-007
   3.8749623563106797E-007
  -1.6066981413361718E-008
  -4.1807644141172599E-007
  -7.7931998390828207E-007
  -1.0645820411124816E-006
  -1.2460903653001268E-006
  -1.3062431029737099E-006
  -1.2392530444303599E-006
  -1.0516163818607810E-006
  -7.6152054359421692E-007
  -3.9716840555499233E-007
