  -5.7036040652209528E-008
  -6.1053074776915071E-008
  -6.5069532114053843E-008
  -6.9085373761511567E-008
  -7.3100561487960881E-008
  -7.7115057338315833E-008
  -8.1128823284962614E-008
  -8.5141821150083870E-008
  -8.9154012945111576E-008
  -9.3165360608266730E-008
  -9.7175826172579191E-008
  -1.0118537149386562E-007
  -1.0519395856654923E-007
  -1.0920154952955308E-007
  -1.1320810617854104E-007
  -1.1721359067002526E-007
  -1.2121796495261626E-007
  -1.2522119107932629E-007
  -1.2922323104505197E-007
  -1.3322404701032495E-007
  -1.3722360096070396E-007
  -1.4122185492692255E-007
  -1.4521877110246403E-007
  -1.4921431152900124E-007
  -1.5320843828977723E-007
  -1.5720111361627845E-007
  -1.6119229952663340E-007
  -1.6518195826447281E-007
  -1.6917005194533594E-007
  -1.7315654277143144E-007
  -1.7714139297835196E-007
  -1.8112456474679558E-007
  -1.8510602026650278E-007
  -1.8908572187842115E-007
  -1.9306363174741581E-007
  -1.9703971227058850E-007
  -2.0101392563155845E-007
  -2.0498623418688653E-007
  -2.0895660031876347E-007
  -2.1292498631111786E-007
  -2.1689135457579020E-007
  -2.2085566750096624E-007
  -2.2481788750632068E-007
  -2.2877797692264038E-007
  -2.3273589841050218E-007
  -2.3669161421185646E-007
  -2.4064508697302464E-007
  -2.4459627912216953E-007
  -2.4854515325661915E-007
  -2.5249167190479216E-007
  -2.5643579762806915E-007
  -2.6037749303034534E-007
  -2.6431672085311400E-007
  -2.6825344356639651E-007
  -2.7218762393389095E-007
  -2.7611922462987223E-007
  -2.8004820841769300E-007
  -2.8397453805114493E-007
  -2.8789817621334984E-007
  -2.9181908574711063E-007
  -2.9573722951740238E-007
  -2.9965257032039923E-007
  -3.0356507115237538E-007
  -3.0747469465476866E-007
  -3.1138140402808723E-007
  -3.1528516211899170E-007
  -3.1918593190026791E-007
  -3.2308367643276242E-007
  -3.2697835874297834E-007
  -3.3086994186133970E-007
  -3.3475838891896398E-007
  -3.3864366312415684E-007
  -3.4252572753409847E-007
  -3.4640454539786763E-007
  -3.5028007990090811E-007
  -3.5415229431570478E-007
  -3.5802115197130615E-007
  -3.6188661614939366E-007
  -3.6574865021056183E-007
  -3.6960721747024548E-007
  -3.7346228146597572E-007
  -3.7731380566273930E-007
  -3.8116175331782911E-007
  -3.8500608821630074E-007
  -3.8884677384997817E-007
  -3.9268377357145668E-007
  -3.9651705136773454E-007
  -4.0034657070434893E-007
  -4.0417229516941745E-007
  -4.0799418873892453E-007
  -4.1181221501793928E-007
  -4.1562633788915269E-007
  -4.1943652112559771E-007
  -4.2324272857141072E-007
  -4.2704492434673247E-007
  -4.3084307216137638E-007
  -4.3463713609655950E-007
  -4.3842708034452259E-007
  -4.4221286871181527E-007
  -4.4599446543741399E-007
  -4.4977183476138835E-007
  -4.5354494072061142E-007
  -4.5731374763930044E-007
  -4.6107821978020855E-007
  -4.6483832136080541E-007
  -4.6859401680378175E-007
  -4.7234527059124648E-007
  -4.7609204717822000E-007
  -4.7983431089291057E-007
  -4.8357202620709339E-007
  -4.8730515793507985E-007
  -4.9103367064515429E-007
  -4.9475752875904454E-007
  -4.9847669718850277E-007
  -5.0219114075259341E-007
  -5.0590082398866185E-007
  -5.0960571189034399E-007
  -5.1330576943426933E-007
  -5.1700096130799333E-007
  -5.2069125262234441E-007
  -5.2437660848125402E-007
  -5.2805699374327515E-007
  -5.3173237369221792E-007
  -5.3540271357493556E-007
  -5.3906797834267104E-007
  -5.4272813334587097E-007
  -5.4638314403486782E-007
  -5.5003297564607533E-007
  -5.5367759362747165E-007
  -5.5731696343655110E-007
  -5.6095105047867410E-007
  -5.6457982045578951E-007
  -5.6820323898896889E-007
  -5.7182127156617720E-007
  -5.7543388402043945E-007
  -5.7904104218213696E-007
  -5.8264271170593872E-007
  -5.8623885853974329E-007
  -5.8982944866348805E-007
  -5.9341444790543524E-007
  -5.9699382239645345E-007
  -6.0056753829846063E-007
  -6.0413556155486873E-007
  -6.0769785838953032E-007
  -6.1125439516291306E-007
  -6.1480513808766286E-007
  -6.1835005356859200E-007
  -6.2188910803010176E-007
  -6.2542226779476812E-007
  -6.2894949950534072E-007
  -6.3247076980025495E-007
  -6.3598604511039266E-007
  -6.3949529224096377E-007
  -6.4299847808218465E-007
  -6.4649556922263021E-007
  -6.4998653254792473E-007
  -6.5347133514278441E-007
  -6.5694994385901817E-007
  -6.6042232575847888E-007
  -6.6388844804097642E-007
  -6.6734827769170516E-007
  -6.7080178196361052E-007
  -6.7424892831910153E-007
  -6.7768968394842527E-007
  -6.8112401618632301E-007
  -6.8455189265763792E-007
  -6.8797328085904120E-007
  -6.9138814833387472E-007
  -6.9479646276307989E-007
  -6.9819819176302458E-007
  -7.0159330314044837E-007
  -7.0498176486317067E-007
  -7.0836354474497423E-007
  -7.1173861071409693E-007
  -7.1510693088306179E-007
  -7.1846847327000570E-007
  -7.2182320600923300E-007
  -7.2517109740697819E-007
  -7.2851211571680872E-007
  -7.3184622933711457E-007
  -7.3517340672389485E-007
  -7.3849361614632815E-007
  -7.4180682619055777E-007
  -7.4511300577941095E-007
  -7.4841212345924309E-007
  -7.5170414773502094E-007
  -7.5498904763965921E-007
  -7.5826679217320398E-007
  -7.6153735010746667E-007
  -7.6480069047935186E-007
  -7.6805678245506880E-007
  -7.7130559515223892E-007
  -7.7454709784977724E-007
  -7.7778125983117266E-007
  -7.8100805038766199E-007
  -7.8422743910454753E-007
  -7.8743939552404175E-007
  -7.9064388899571059E-007
  -7.9384088923832576E-007
  -7.9703036620511992E-007
  -8.0021228956281335E-007
  -8.0338662906529205E-007
  -8.0655335480262123E-007
  -8.0971243676542054E-007
  -8.1286384492847644E-007
  -8.1600754957608518E-007
  -8.1914352101372397E-007
  -8.2227172942242061E-007
  -8.2539214515155691E-007
  -8.2850473872992188E-007
  -8.3160948070383100E-007
  -8.3470634165975677E-007
  -8.3779529226126500E-007
  -8.4087630326205937E-007
  -8.4394934551081957E-007
  -8.4701438993011110E-007
  -8.5007140754175757E-007
  -8.5312036939276274E-007
  -8.5616124650013535E-007
  -8.5919401010291879E-007
  -8.6221863167504821E-007
  -8.6523508252799924E-007
  -8.6824333393480247E-007
  -8.7124335753301852E-007
  -8.7423512502117262E-007
  -8.7721860792327056E-007
  -8.8019377801850062E-007
  -8.8316060732798048E-007
  -8.8611906769468920E-007
  -8.8906913098124958E-007
  -8.9201076933399969E-007
  -8.9494395496265240E-007
  -8.9786866008852197E-007
  -9.0078485703763583E-007
  -9.0369251817646109E-007
  -9.0659161602268863E-007
  -9.0948212324233812E-007
  -9.1236401237404080E-007
  -9.1523725602362669E-007
  -9.1810182716115999E-007
  -9.2095769875553880E-007
  -9.2380484363541949E-007
  -9.2664323488008721E-007
  -9.2947284570901922E-007
  -9.3229364925993651E-007
  -9.3510561889290846E-007
  -9.3790872811069816E-007
  -9.4070295022251625E-007
  -9.4348825871827718E-007
  -9.4626462747396793E-007
  -9.4903203025284005E-007
  -9.5179044070081313E-007
  -9.5453983273277497E-007
  -9.5728018038892155E-007
  -9.6001145772852104E-007
  -9.6273363898879085E-007
  -9.6544669841472183E-007
  -9.6815061021318410E-007
  -9.7084534883845595E-007
  -9.7353088889028213E-007
  -9.7620720493890844E-007
  -9.7887427169917065E-007
  -9.8153206396388050E-007
  -9.8418055648628524E-007
  -9.8681972422485527E-007
  -9.8944954229496794E-007
  -9.9206998577120408E-007
  -9.9468102992706876E-007
  -9.9728265016166632E-007
  -9.9987482167238935E-007
  -1.0024575198813078E-006
  -1.0050307206682403E-006
  -1.0075943996948213E-006
  -1.0101485324034578E-006
  -1.0126930947049072E-006
  -1.0152280627653912E-006
  -1.0177534125559190E-006
  -1.0202691201266103E-006
  -1.0227751617011908E-006
  -1.0252715135201357E-006
  -1.0277581520318518E-006
  -1.0302350538655174E-006
  -1.0327021955599617E-006
  -1.0351595536684623E-006
  -1.0376071049094675E-006
  -1.0400448262018850E-006
  -1.0424726946872099E-006
  -1.0448906873900741E-006
  -1.0472987811634276E-006
  -1.0496969533302642E-006
  -1.0520851815541438E-006
  -1.0544634430798230E-006
  -1.0568317151394622E-006
  -1.0591899755612173E-006
  -1.0615382022408055E-006
  -1.0638763728826292E-006
  -1.0662044653354408E-006
  -1.0685224575097799E-006
  -1.0708303274855728E-006
  -1.0731280536957278E-006
  -1.0754156143925837E-006
  -1.0776929876844208E-006
  -1.0799601522027161E-006
  -1.0822170866851761E-006
  -1.0844637695680897E-006
  -1.0867001796460096E-006
  -1.0889262959928302E-006
  -1.0911420974116198E-006
  -1.0933475628974688E-006
  -1.0955426717741089E-006
  -1.0977274032209942E-006
  -1.0999017365700546E-006
  -1.1020656514353023E-006
  -1.1042191272750250E-006
  -1.1063621436626700E-006
  -1.1084946804835110E-006
  -1.1106167175432333E-006
  -1.1127282347548896E-006
  -1.1148292122710628E-006
  -1.1169196301526750E-006
  -1.1189994686396774E-006
  -1.1210687082218997E-006
  -1.1231273292359224E-006
  -1.1251753122476913E-006
  -1.1272126381002087E-006
  -1.1292392873348641E-006
  -1.1312552407482244E-006
  -1.1332604796118512E-006
  -1.1352549847986273E-006
  -1.1372387373042088E-006
  -1.1392117187718814E-006
  -1.1411739104262189E-006
  -1.1431252934130288E-006
  -1.1450658497231524E-006
  -1.1469955611028786E-006
  -1.1489144088992361E-006
  -1.1508223751827234E-006
  -1.1527194421261893E-006
  -1.1546055915794110E-006
  -1.1564808058500486E-006
  -1.1583450673420724E-006
  -1.1601983582725122E-006
  -1.1620406611839494E-006
  -1.1638719586610771E-006
  -1.1656922333927228E-006
  -1.1675014684598464E-006
  -1.1692996466543505E-006
  -1.1710867507599473E-006
  -1.1728627641376152E-006
  -1.1746276699693854E-006
  -1.1763814515045121E-006
  -1.1781240925388971E-006
  -1.1798555764241756E-006
  -1.1815758865247806E-006
  -1.1832850070334230E-006
  -1.1849829217416090E-006
  -1.1866696142567496E-006
  -1.1883450690900384E-006
  -1.1900092704780709E-006
  -1.1916622022613339E-006
  -1.1933038491355110E-006
  -1.1949341958335986E-006
  -1.1965532266118588E-006
  -1.1981609262317562E-006
  -1.1997572797117388E-006
  -1.2013422718934954E-006
  -1.2029158878226440E-006
  -1.2044781125998212E-006
  -1.2060289314893106E-006
  -1.2075683301205580E-006
  -1.2090962937885419E-006
  -1.2106128077877128E-006
  -1.2121178582601823E-006
  -1.2136114311086099E-006
  -1.2150935116648932E-006
  -1.2165640861876405E-006
  -1.2180231412606448E-006
  -1.2194706626510039E-006
  -1.2209066365809739E-006
  -1.2223310499301233E-006
  -1.2237438891577646E-006
  -1.2251451408159724E-006
  -1.2265347917678505E-006
  -1.2279128288270744E-006
  -1.2292792391547548E-006
  -1.2306340098885320E-006
  -1.2319771279439006E-006
  -1.2333085808537502E-006
  -1.2346283562835021E-006
  -1.2359364414626579E-006
  -1.2372328241995386E-006
  -1.2385174925400710E-006
  -1.2397904338570147E-006
  -1.2410516362062813E-006
  -1.2423010882402824E-006
  -1.2435387777845964E-006
  -1.2447646931221750E-006
  -1.2459788230284031E-006
  -1.2471811556743619E-006
  -1.2483716798616892E-006
  -1.2495503846429631E-006
  -1.2507172586401457E-006
  -1.2518722908270687E-006
  -1.2530154703205511E-006
  -1.2541467865717194E-006
  -1.2552662289444226E-006
  -1.2563737865809525E-006
  -1.2574694491436198E-006
  -1.2585532064130586E-006
  -1.2596250483208173E-006
  -1.2606849644368974E-006
  -1.2617329448302187E-006
  -1.2627689801416910E-006
  -1.2637930599330381E-006
  -1.2648051748910461E-006
  -1.2658053156483568E-006
  -1.2667934722447270E-006
  -1.2677696361101157E-006
  -1.2687337974154198E-006
  -1.2696859472088348E-006
  -1.2706260771804758E-006
  -1.2715541774878693E-006
  -1.2724702399854282E-006
  -1.2733742560524023E-006
  -1.2742662167635543E-006
  -1.2751461144711198E-006
  -1.2760139402969849E-006
  -1.2768696859273163E-006
  -1.2777133439516755E-006
  -1.2785449061329676E-006
  -1.2793643644022465E-006
  -1.2801717113607334E-006
  -1.2809669393179450E-006
  -1.2817500406897171E-006
  -1.2825210085333758E-006
  -1.2832798349990597E-006
  -1.2840265132700246E-006
  -1.2847610364448503E-006
  -1.2854833972452635E-006
  -1.2861935894203373E-006
  -1.2868916055958996E-006
  -1.2875774398443328E-006
  -1.2882510856413936E-006
  -1.2889125358805711E-006
  -1.2895617855752816E-006
  -1.2901988278111573E-006
  -1.2908236564942338E-006
  -1.2914362666384774E-006
  -1.2920366512564116E-006
  -1.2926248059299153E-006
  -1.2932007242601901E-006
  -1.2937644012680065E-006
  -1.2943158314374220E-006
  -1.2948550099756327E-006
  -1.2953819312155848E-006
  -1.2958965905902287E-006
  -1.2963989834325723E-006
  -1.2968891046910100E-006
  -1.2973669500044050E-006
  -1.2978325145760276E-006
  -1.2982857943790583E-006
  -1.2987267852970729E-006
  -1.2991554823930674E-006
  -1.2995718827560649E-006
  -1.2999759811760165E-006
  -1.3003677758550226E-006
  -1.3007472604294510E-006
  -1.3011144340616591E-006
  -1.3014692912275154E-006
  -1.3018118297551057E-006
  -1.3021420462952260E-006
  -1.3024599370340715E-006
  -1.3027655004557616E-006
  -1.3030587320082767E-006
  -1.3033396299162840E-006
  -1.3036081915273221E-006
  -1.3038644144664049E-006
  -1.3041082953095413E-006
  -1.3043398335420783E-006
  -1.3045590251619401E-006
  -1.3047658695384709E-006
  -1.3049603639729504E-006
  -1.3051425069141161E-006
  -1.3053122968814703E-006
  -1.3054697316656906E-006
  -1.3056148102415426E-006
  -1.3057475315349091E-006
  -1.3058678934835721E-006
  -1.3059758963208297E-006
  -1.3060715375234480E-006
  -1.3061548171129461E-006
  -1.3062257344254035E-006
  -1.3062842881500284E-006
  -1.3063304785274780E-006
  -1.3063643051999425E-006
  -1.3063857666561536E-006
  -1.3063948636643881E-006
  -1.3063915965263250E-006
  -1.3063759644877975E-006
  -1.3063479955419762E-006
