  -2.5273925410305280E-007
  -2.5276004211078666E-007
  -2.5277843155924598E-007
  -2.5279441863302051E-007
  -2.5280800260441053E-007
  -2.5281918378194928E-007
  -2.5282796214755143E-007
  -2.5283433723160573E-007
  -2.5283830912510628E-007
  -2.5283987775804341E-007
  -2.5283904327193802E-007
  -2.5283580534990281E-007
  -2.5283016407476980E-007
  -2.5282211982178429E-007
  -2.5281167218596844E-007
  -2.5279882159593755E-007
  -2.5278356797269694E-007
  -2.5276591155937918E-007
  -2.5274585236778194E-007
  -2.5272339078440044E-007
  -2.5269852691505936E-007
  -2.5267126082461115E-007
  -2.5264159305435826E-007
  -2.5260952367292135E-007
  -2.5257505295911129E-007
  -2.5253818145295884E-007
  -2.5249890921143602E-007
  -2.5245723679421007E-007
  -2.5241316446881803E-007
  -2.5236669270145979E-007
  -2.5231782196185770E-007
  -2.5226655267817715E-007
  -2.5221288518660728E-007
  -2.5215682032044475E-007
  -2.5209835821597176E-007
  -2.5203749969328001E-007
  -2.5197424525743258E-007
  -2.5190859539472860E-007
  -2.5184055089779753E-007
  -2.5177011226695945E-007
  -2.5169728020291404E-007
  -2.5162205545046786E-007
  -2.5154443864679440E-007
  -2.5146443056009977E-007
  -2.5138203196062337E-007
  -2.5129724356549130E-007
  -2.5121006623636800E-007
  -2.5112050075835882E-007
  -2.5102854802782473E-007
  -2.5093420884462589E-007
  -2.5083748412114892E-007
  -2.5073837478952895E-007
  -2.5063688186971441E-007
  -2.5053300617405437E-007
  -2.5042674878263008E-007
  -2.5031811060259852E-007
  -2.5020709286330800E-007
  -2.5009369645240691E-007
  -2.4997792243982127E-007
  -2.4985977204216340E-007
  -2.4973924626892939E-007
  -2.4961634629734940E-007
  -2.4949107338505357E-007
  -2.4936342863288099E-007
  -2.4923341319916170E-007
  -2.4910102847798180E-007
  -2.4896627554627608E-007
  -2.4882915590079555E-007
  -2.4868967074258500E-007
  -2.4854782122936241E-007
  -2.4840360901723303E-007
  -2.4825703525913969E-007
  -2.4810810142162914E-007
  -2.4795680892984013E-007
  -2.4780315922736022E-007
  -2.4764715383378505E-007
  -2.4748879408248097E-007
  -2.4732808160737424E-007
  -2.4716501798120968E-007
  -2.4699960464300735E-007
  -2.4683184318610162E-007
  -2.4666173540403785E-007
  -2.4648928253087141E-007
  -2.4631448651955207E-007
  -2.4613734906573899E-007
  -2.4595787169710326E-007
  -2.4577605602480542E-007
  -2.4559190434667713E-007
  -2.4540541762532972E-007
  -2.4521659818007218E-007
  -2.4502544761105430E-007
  -2.4483196805247961E-007
  -2.4463616096139488E-007
  -2.4443802839334673E-007
  -2.4423757211572127E-007
  -2.4403479414501233E-007
  -2.4382969643057579E-007
  -2.4362228100389653E-007
  -2.4341254977566430E-007
  -2.4320050452476257E-007
  -2.4298614768254733E-007
  -2.4276948113138690E-007
  -2.4255050685849436E-007
  -2.4232922717543977E-007
  -2.4210564385956751E-007
  -2.4187975931779958E-007
  -2.4165157562467573E-007
  -2.4142109515798753E-007
  -2.4118831967900003E-007
  -2.4095325179989359E-007
  -2.4071589357033717E-007
  -2.4047624745111062E-007
  -2.4023431568883669E-007
  -2.3999010045878355E-007
  -2.3974360428668534E-007
  -2.3949482951957115E-007
  -2.3924377821557921E-007
  -2.3899045313955736E-007
  -2.3873485668006450E-007
  -2.3847699108598570E-007
  -2.3821685914838536E-007
  -2.3795446292421337E-007
  -2.3768980536113921E-007
  -2.3742288889080524E-007
  -2.3715371591693326E-007
  -2.3688228900409562E-007
  -2.3660861101597138E-007
  -2.3633268439449765E-007
  -2.3605451168765190E-007
  -2.3577409575964303E-007
  -2.3549143919823880E-007
  -2.3520654489094373E-007
  -2.3491941538927192E-007
  -2.3463005330400051E-007
  -2.3433846162127190E-007
  -2.3404464344647044E-007
  -2.3374860089001004E-007
  -2.3345033750730973E-007
  -2.3314985553156185E-007
  -2.3284715838952225E-007
  -2.3254224858737369E-007
  -2.3223512921509412E-007
  -2.3192580329271715E-007
  -2.3161427383973230E-007
  -2.3130054340411714E-007
  -2.3098461562303313E-007
  -2.3066649300555537E-007
  -2.3034617903491057E-007
  -2.3002367649319286E-007
  -2.2969898858564155E-007
  -2.2937211848475021E-007
  -2.2904306926990134E-007
  -2.2871184391654174E-007
  -2.2837844593070705E-007
  -2.2804287834487339E-007
  -2.2770514443150392E-007
  -2.2736524750600202E-007
  -2.2702319060045719E-007
  -2.2667897733401872E-007
  -2.2633261070123383E-007
  -2.2598409422262823E-007
  -2.2563343122435814E-007
  -2.2528062506284861E-007
  -2.2492567912963274E-007
  -2.2456859663982936E-007
  -2.2420938137277954E-007
  -2.2384803664129508E-007
  -2.2348456586757866E-007
  -2.2311897262947156E-007
  -2.2275126031683172E-007
  -2.2238143257373635E-007
  -2.2200949299781447E-007
  -2.2163544524252169E-007
  -2.2125929237532780E-007
  -2.2088103875495902E-007
  -2.2050068747021920E-007
  -2.2011824247103618E-007
  -2.1973370733258815E-007
  -2.1934708577747317E-007
  -2.1895838149213599E-007
  -2.1856759834560670E-007
  -2.1817473987954463E-007
  -2.1777981003999735E-007
  -2.1738281252277374E-007
  -2.1698375139578340E-007
  -2.1658263001960361E-007
  -2.1617945272710197E-007
  -2.1577422323682453E-007
  -2.1536694555366670E-007
  -2.1495762306559634E-007
  -2.1454626039553880E-007
  -2.1413286133388877E-007
  -2.1371742940687050E-007
  -2.1329996938494387E-007
  -2.1288048436112225E-007
  -2.1245897917582412E-007
  -2.1203545764000507E-007
  -2.1160992382807528E-007
  -2.1118238124668601E-007
  -2.1075283525836823E-007
  -2.1032128871594783E-007
  -2.0988774671794283E-007
  -2.0945221295603840E-007
  -2.0901469175746076E-007
  -2.0857518729388347E-007
  -2.0813370363122596E-007
  -2.0769024553198719E-007
  -2.0724481666209389E-007
  -2.0679742170804412E-007
  -2.0634806483781729E-007
  -2.0589675036065604E-007
  -2.0544348268827822E-007
  -2.0498826610617253E-007
  -2.0453110517248887E-007
  -2.0407200391233986E-007
  -2.0361096709206173E-007
  -2.0314799913267912E-007
  -2.0268310433129282E-007
  -2.0221628721904859E-007
  -2.0174755234433134E-007
  -2.0127690435997704E-007
  -2.0080434732526152E-007
  -2.0032988625781934E-007
  -1.9985352541526180E-007
  -1.9937526966357963E-007
  -1.9889512331900270E-007
  -1.9841309129056224E-007
  -1.9792917804368356E-007
  -1.9744338838596788E-007
  -1.9695572660268919E-007
  -1.9646619788888430E-007
  -1.9597480663297540E-007
  -1.9548155758682303E-007
  -1.9498645579333337E-007
  -1.9448950552542380E-007
  -1.9399071219450750E-007
  -1.9349008013800532E-007
  -1.9298761428420640E-007
  -1.9248331909475605E-007
  -1.9197720007957656E-007
  -1.9146926188445939E-007
  -1.9095950950516098E-007
  -1.9044794739580955E-007
  -1.8993458075714067E-007
  -1.8941941470840502E-007
  -1.8890245386432362E-007
  -1.8838370367588513E-007
  -1.8786316833281830E-007
  -1.8734085374936219E-007
  -1.8681676447234100E-007
  -1.8629090556526480E-007
  -1.8576328226921771E-007
  -1.8523389935232572E-007
  -1.8470276222104791E-007
  -1.8416987560530940E-007
  -1.8363524500429383E-007
  -1.8309887552022759E-007
  -1.8256077208529443E-007
  -1.8202094030646524E-007
  -1.8147938475679508E-007
  -1.8093611099073585E-007
  -1.8039112439063480E-007
  -1.7984442987882474E-007
  -1.7929603288559026E-007
  -1.7874593856745227E-007
  -1.7819415231343034E-007
  -1.7764067946927454E-007
  -1.7708552522773082E-007
  -1.7652869505227327E-007
  -1.7597019423404237E-007
  -1.7541002799109864E-007
  -1.7484820198290343E-007
  -1.7428472155812771E-007
  -1.7371959182335059E-007
  -1.7315281862196477E-007
  -1.7258440711959764E-007
  -1.7201436277980914E-007
  -1.7144269134519205E-007
  -1.7086939806728275E-007
  -1.7029448841218990E-007
  -1.6971796818891392E-007
  -1.6913984256843719E-007
  -1.6856011738945603E-007
  -1.6797879807375000E-007
  -1.6739589017557047E-007
  -1.6681139929968340E-007
  -1.6622533122038194E-007
  -1.6563769151751837E-007
  -1.6504848550625909E-007
  -1.6445771924150499E-007
  -1.6386539818068794E-007
  -1.6327152834655013E-007
  -1.6267611470979117E-007
  -1.6207916371771607E-007
  -1.6148068068740979E-007
  -1.6088067145900053E-007
  -1.6027914196405239E-007
  -1.5967609774622124E-007
  -1.5907154490476573E-007
  -1.5846548883314408E-007
  -1.5785793571065346E-007
  -1.5724889121456711E-007
  -1.5663836086231005E-007
  -1.5602635101235720E-007
  -1.5541286739713540E-007
  -1.5479791553759192E-007
  -1.5418150177421809E-007
  -1.5356363184986436E-007
  -1.5294431171891801E-007
  -1.5232354717299717E-007
  -1.5170134425520456E-007
  -1.5107770894873561E-007
  -1.5045264716940441E-007
  -1.4982616510449774E-007
  -1.4919826844523469E-007
  -1.4856896333302658E-007
  -1.4793825579914931E-007
  -1.4730615205895331E-007
  -1.4667265776227810E-007
  -1.4603777922656272E-007
  -1.4540152260676354E-007
  -1.4476389389057186E-007
  -1.4412489906811313E-007
  -1.4348454439482869E-007
  -1.4284283618005349E-007
  -1.4219978001240251E-007
  -1.4155538244189935E-007
  -1.4090964969523441E-007
  -1.4026258779658176E-007
  -1.3961420274004730E-007
  -1.3896450119251959E-007
  -1.3831348894490088E-007
  -1.3766117237817432E-007
  -1.3700755785949165E-007
  -1.3635265139026107E-007
  -1.3569645938170568E-007
  -1.3503898796406863E-007
  -1.3438024358196306E-007
  -1.3372023255090936E-007
  -1.3305896098162070E-007
  -1.3239643532830336E-007
  -1.3173266179121641E-007
  -1.3106764685984618E-007
  -1.3040139678828802E-007
  -1.2973391790340241E-007
  -1.2906521672743559E-007
  -1.2839529947187208E-007
  -1.2772417262173095E-007
  -1.2705184250327119E-007
  -1.2637831566686007E-007
  -1.2570359836272701E-007
  -1.2502769725867702E-007
  -1.2435061855565636E-007
  -1.2367236873115273E-007
  -1.2299295437582469E-007
  -1.2231238196919312E-007
  -1.2163065791666791E-007
  -1.2094778865779359E-007
  -1.2026378094505281E-007
  -1.1957864099989551E-007
  -1.1889237548379796E-007
  -1.1820499096903422E-007
  -1.1751649391843013E-007
  -1.1682689091663063E-007
  -1.1613618849212472E-007
  -1.1544439344258326E-007
  -1.1475151197215982E-007
  -1.1405755095360979E-007
  -1.1336251681505172E-007
  -1.1266641639198510E-007
  -1.1196925611278621E-007
  -1.1127104267524226E-007
  -1.1057178272983318E-007
  -1.0987148289780116E-007
  -1.0917014984766703E-007
  -1.0846779020766029E-007
  -1.0776441070600857E-007
  -1.0706001810868223E-007
  -1.0635461889442897E-007
  -1.0564821993560322E-007
  -1.0494082783523446E-007
  -1.0423244936447626E-007
  -1.0352309135040896E-007
  -1.0281276020852252E-007
  -1.0210146314292365E-007
  -1.0138920655011636E-007
  -1.0067599733693332E-007
  -9.9961842205285331E-008
  -9.9246747977527780E-008
  -9.8530721414676948E-008
  -9.7813769317725461E-008
  -9.7095898589811883E-008
  -9.6377115796795672E-008
  -9.5657427937317654E-008
  -9.4936841840290900E-008
  -9.4215364189871736E-008
  -9.3493001978000023E-008
  -9.2769761992037520E-008
  -9.2045651060725493E-008
  -9.1320676094275671E-008
  -9.0594843968049310E-008
  -8.9868161425709081E-008
  -8.9140635509823959E-008
  -8.8412273098618850E-008
  -8.7683080950389592E-008
  -8.6953066114721069E-008
  -8.6222235430864109E-008
  -8.5490595766591348E-008
  -8.4758154088413590E-008
  -8.4024917377045285E-008
  -8.3290892497166352E-008
  -8.2556086452371666E-008
  -8.1820506173519791E-008
  -8.1084158631703359E-008
  -8.0347050729831798E-008
  -7.9609189444553204E-008
  -7.8870581737739301E-008
  -7.8131234710720890E-008
  -7.7391155220360135E-008
  -7.6650350285686955E-008
  -7.5908826982488510E-008
  -7.5166592164877891E-008
  -7.4423652994980897E-008
  -7.3680016399847422E-008
  -7.2935689387797381E-008
  -7.2190679069439736E-008
  -7.1444992480069846E-008
  -7.0698636473743549E-008
  -6.9951618275443422E-008
  -6.9203944947010745E-008
  -6.8455623385541773E-008
  -6.7706660755625039E-008
  -6.6957064135796801E-008
  -6.6206840540419230E-008
  -6.5455997085169933E-008
  -6.4704540780201540E-008
  -6.3952478831195750E-008
  -6.3199818142522490E-008
  -6.2446566069832047E-008
  -6.1692729412255745E-008
  -6.0938315525930689E-008
  -6.0183331401193158E-008
  -5.9427784091150312E-008
  -5.8671680757927961E-008
  -5.7915028599390075E-008
  -5.7157834735853356E-008
  -5.6400106126211340E-008
  -5.5641850076487546E-008
  -5.4883073602075052E-008
  -5.4123783980131909E-008
  -5.3363988166229849E-008
  -5.2603693514759197E-008
  -5.1842907046095748E-008
  -5.1081635974254391E-008
  -5.0319887400308205E-008
  -4.9557668483490701E-008
  -4.8794986518857672E-008
  -4.8031848524379470E-008
  -4.7268261766590060E-008
  -4.6504233366722513E-008
  -4.5739770563275802E-008
  -4.4974880488336178E-008
  -4.4209570338221260E-008
  -4.3443847356727730E-008
  -4.2677718621761858E-008
  -4.1911191419988967E-008
  -4.1144272869778497E-008
  -4.0376970260745324E-008
  -3.9609290817213418E-008
  -3.8841241673760391E-008
  -3.8072830030741590E-008
  -3.7304063103689616E-008
  -3.6534948219790259E-008
  -3.5765492411761590E-008
  -3.4995703078437566E-008
  -3.4225587326446718E-008
  -3.3455152398383020E-008
  -3.2684405519114528E-008
  -3.1913353977883854E-008
  -3.1142004929858148E-008
  -3.0370365643461390E-008
  -2.9598443321855265E-008
  -2.8826245297093751E-008
  -2.8053778680215367E-008
  -2.7281050831824534E-008
  -2.6508068848842048E-008
  -2.5734840130359595E-008
  -2.4961371796607978E-008
  -2.4187671230585244E-008
  -2.3413745515209010E-008
  -2.2639602020419150E-008
  -2.1865247930448732E-008
  -2.1090690547312169E-008
  -2.0315937132245713E-008
  -1.9540994914641963E-008
  -1.8765871112954444E-008
  -1.7990573086441656E-008
  -1.7215107998546670E-008
  -1.6439483114658004E-008
  -1.5663706170545041E-008
