   7.2220963845490232E-009
  -3.2337414906493866E-008
  -7.1107405867429437E-008
  -1.0814319171296097E-007
  -1.4254223367832461E-007
  -1.7346495098087191E-007
  -2.0015371365579580E-007
  -2.2195024194363147E-007
  -2.3831171986282912E-007
  -2.4882559070504151E-007
  -2.5322245160752092E-007
  -2.5138613295953372E-007
  -2.4335961351273033E-007
  -2.2934509461187327E-007
  -2.0969710157576297E-007
  -1.8490945834173621E-007
  -1.5559896807300953E-007
  -1.2248840282088137E-007
  -8.6389328302069173E-008
  -4.8183801266873251E-008
  -8.8041340946763321E-009
   3.0789216912548254E-008
   6.9630957010761037E-008
   1.0677449210067005E-007
   1.4131467686516020E-007
   1.7240885712214072E-007
   1.9929568599249220E-007
   2.2131198604881196E-007
   2.3790864415788953E-007
   2.4866616229253957E-007
   2.5330892545898005E-007
   2.5171591079916634E-007
   2.4392576969633117E-007
   2.3013554932815051E-007
   2.1069352587015448E-007
   1.8608730209228768E-007
   1.5692871907382954E-007
   1.2393708140636306E-007
   8.7921475609978508E-008
   4.9762066965813298E-008
   1.0389913470001590E-008
  -2.9234854985052062E-008
  -6.8146100471150906E-008
  -1.0539520548798235E-007
  -1.4007410072485184E-007
  -1.7133676927464554E-007
  -1.9841838257857849E-007
  -2.2065185379730084E-007
  -2.3748283749296132E-007
  -2.4848492199135272E-007
