  -1.3054158697374327E-006
  -1.3052342426196526E-006
  -1.3050402717190840E-006
  -1.3048339404382782E-006
  -1.3046152478601199E-006
  -1.3043841983894825E-006
  -1.3041407947480522E-006
  -1.3038850373426868E-006
  -1.3036169294343452E-006
  -1.3033364735096440E-006
  -1.3030436730889372E-006
  -1.3027385293601613E-006
  -1.3024210455326935E-006
  -1.3020912263620455E-006
  -1.3017490726124932E-006
  -1.3013945892242669E-006
  -1.3010277786255585E-006
  -1.3006486448575598E-006
  -1.3002571907866418E-006
  -1.2998534211813025E-006
  -1.2994373394058423E-006
  -1.2990089485630821E-006
  -1.2985682542001287E-006
  -1.2981152595348787E-006
  -1.2976499687482266E-006
  -1.2971723873789172E-006
  -1.2966825185054162E-006
  -1.2961803678378147E-006
  -1.2956659394885226E-006
  -1.2951392386214210E-006
  -1.2946002704495587E-006
  -1.2940490399288878E-006
  -1.2934855515582091E-006
  -1.2929098124430342E-006
  -1.2923218259671790E-006
  -1.2917215991312602E-006
  -1.2911091373053116E-006
  -1.2904844457931305E-006
  -1.2898475313535857E-006
  -1.2891983993357491E-006
  -1.2885370560942299E-006
  -1.2878635082524177E-006
  -1.2871777617667044E-006
  -1.2864798233209887E-006
  -1.2857696997306385E-006
  -1.2850473972781852E-006
  -1.2843129231840297E-006
  -1.2835662842698971E-006
  -1.2828074878125735E-006
  -1.2820365406570080E-006
  -1.2812534502853955E-006
  -1.2804582240730591E-006
  -1.2796508701187056E-006
  -1.2788313952632180E-006
  -1.2779998077523509E-006
  -1.2771561150447019E-006
  -1.2763003260375315E-006
  -1.2754324479865490E-006
  -1.2745524893942625E-006
  -1.2736604588322509E-006
  -1.2727563643386260E-006
  -1.2718402147566402E-006
  -1.2709120190645368E-006
  -1.2699717857845549E-006
  -1.2690195233639911E-006
  -1.2680552418110532E-006
  -1.2670789492321515E-006
  -1.2660906560097132E-006
  -1.2650903710496756E-006
  -1.2640781030233296E-006
  -1.2630538628578521E-006
  -1.2620176594948040E-006
  -1.2609695026950037E-006
  -1.2599094028412509E-006
  -1.2588373698128042E-006
  -1.2577534140645700E-006
  -1.2566575450982076E-006
  -1.2555497739441570E-006
  -1.2544301114054282E-006
  -1.2532985673177523E-006
  -1.2521551527492546E-006
  -1.2509998793485200E-006
  -1.2498327562305019E-006
  -1.2486537959068278E-006
  -1.2474630097863959E-006
  -1.2462604083315577E-006
  -1.2450460023543155E-006
  -1.2438198062301225E-006
  -1.2425818276955500E-006
  -1.2413320811191785E-006
  -1.2400705772888983E-006
  -1.2387973299915137E-006
  -1.2375123489265610E-006
  -1.2362156473285639E-006
  -1.2349072370788060E-006
  -1.2335871309459544E-006
  -1.2322553415714162E-006
  -1.2309118819439578E-006
  -1.2295567641966909E-006
  -1.2281900004686835E-006
  -1.2268116054116730E-006
  -1.2254215914111716E-006
  -1.2240199711776003E-006
  -1.2226067591103527E-006
  -1.2211819669315512E-006
  -1.2197456094508910E-006
  -1.2182976999171568E-006
  -1.2168382530503543E-006
  -1.2153672803728395E-006
  -1.2138847977393049E-006
  -1.2123908183832438E-006
  -1.2108853571151529E-006
  -1.2093684283950202E-006
  -1.2078400455244356E-006
  -1.2063002241672024E-006
  -1.2047489787029546E-006
  -1.2031863223384961E-006
  -1.2016122717233509E-006
  -1.2000268414196813E-006
  -1.1984300456360483E-006
  -1.1968219010427087E-006
  -1.1952024205479603E-006
  -1.1935716219446056E-006
  -1.1919295202313396E-006
  -1.1902761298393997E-006
  -1.1886114665699287E-006
  -1.1869355477265054E-006
  -1.1852483879543950E-006
  -1.1835500029321200E-006
  -1.1818404097247754E-006
  -1.1801196240438153E-006
  -1.1783876631296465E-006
  -1.1766445423201332E-006
  -1.1748902777772372E-006
  -1.1731248866532222E-006
  -1.1713483878184769E-006
  -1.1695607942104509E-006
  -1.1677621265005311E-006
  -1.1659523984260955E-006
  -1.1641316301726858E-006
  -1.1622998367125950E-006
  -1.1604570364982919E-006
  -1.1586032469866745E-006
  -1.1567384864109723E-006
  -1.1548627699957640E-006
  -1.1529761188272052E-006
  -1.1510785479368086E-006
  -1.1491700775977430E-006
  -1.1472507245599893E-006
  -1.1453205072851234E-006
  -1.1433794446132361E-006
  -1.1414275544655354E-006
  -1.1394648545651224E-006
  -1.1374913649707376E-006
  -1.1355071037813055E-006
  -1.1335120898766079E-006
  -1.1315063425271402E-006
  -1.1294898797429400E-006
  -1.1274627220627502E-006
  -1.1254248873701505E-006
  -1.1233763957461030E-006
  -1.1213172667515331E-006
  -1.1192475194175368E-006
  -1.1171671739094960E-006
  -1.1150762485882438E-006
  -1.1129747651041296E-006
  -1.1108627428259861E-006
  -1.1087402013611303E-006
  -1.1066071615138783E-006
  -1.1044636422327962E-006
  -1.1023096650835840E-006
  -1.1001452503732018E-006
  -1.0979704189886680E-006
  -1.0957851890667649E-006
  -1.0935895850418689E-006
  -1.0913836247688653E-006
  -1.0891673308948782E-006
  -1.0869407235077422E-006
  -1.0847038242399376E-006
  -1.0824566541128444E-006
  -1.0801992348410718E-006
  -1.0779315869485290E-006
  -1.0756537325114453E-006
  -1.0733656929002207E-006
  -1.0710674910296715E-006
  -1.0687591461120473E-006
  -1.0664406825497662E-006
  -1.0641121213041864E-006
  -1.0617734852814187E-006
  -1.0594247939435363E-006
  -1.0570660727139005E-006
  -1.0546973434413682E-006
  -1.0523186261102249E-006
  -1.0499299470447320E-006
  -1.0475313247202682E-006
  -1.0451227854341767E-006
  -1.0427043508691088E-006
  -1.0402760442494971E-006
  -1.0378378855199943E-006
  -1.0353899036769784E-006
  -1.0329321160290678E-006
  -1.0304645502206604E-006
  -1.0279872274291474E-006
  -1.0255001717799757E-006
  -1.0230034065436256E-006
  -1.0204969551659459E-006
  -1.0179808430576983E-006
  -1.0154550914939810E-006
  -1.0129197266344540E-006
  -1.0103747712254369E-006
  -1.0078202496851556E-006
  -1.0052561869156748E-006
  -1.0026826063109549E-006
  -1.0000995332035228E-006
  -9.9750699044530950E-007
  -9.9490500413457822E-007
  -9.9229359886618360E-007
  -9.8967279895537421E-007
  -9.8704262872759419E-007
  -9.8440311426850639E-007
  -9.8175428071843093E-007
  -9.7909615134131869E-007
  -9.7642875310689460E-007
  -9.7375211017405301E-007
  -9.7106624897587414E-007
  -9.6837119388064122E-007
  -9.6566697171031554E-007
  -9.6295360695207920E-007
  -9.6023112665652610E-007
  -9.5749955415553284E-007
  -9.5475891810218415E-007
  -9.5200924273166189E-007
  -9.4925055436055308E-007
  -9.4648288052879008E-007
  -9.4370624497763447E-007
  -9.4092067714686959E-007
  -9.3812620125621342E-007
  -9.3532284433186204E-007
  -9.3251063095881894E-007
  -9.2968959094169439E-007
  -9.2685975040441003E-007
  -9.2402113594144014E-007
  -9.2117377274705543E-007
  -9.1831768924754089E-007
  -9.1545291310596524E-007
  -9.1257946980811730E-007
  -9.0969738908323677E-007
  -9.0680669433043791E-007
  -9.0390741722520187E-007
  -9.0099958307405398E-007
  -8.9808321934167026E-007
  -8.9515835466532843E-007
  -8.9222501524134278E-007
  -8.8928323031465458E-007
  -8.8633302634388716E-007
  -8.8337443230193642E-007
  -8.8040747678472921E-007
  -8.7743218626772713E-007
  -8.7444859170042215E-007
  -8.7145671742097246E-007
  -8.6845659432698099E-007
  -8.6544825114048901E-007
  -8.6243171497268547E-007
  -8.5940701536346598E-007
  -8.5637418019387950E-007
  -8.5333323859787262E-007
  -8.5028421991820846E-007
  -8.4722715237567758E-007
  -8.4416206510285228E-007
  -8.4108898764707372E-007
  -8.3800794761173248E-007
  -8.3491897590256427E-007
  -8.3182210157745777E-007
  -8.2871735248355624E-007
  -8.2560475978924792E-007
  -8.2248435189355618E-007
  -8.1935615818643686E-007
  -8.1622020992768568E-007
  -8.1307653537325841E-007
  -8.0992516392090023E-007
  -8.0676612730989388E-007
  -8.0359945368875176E-007
  -8.0042517380914595E-007
  -7.9724331785517587E-007
  -7.9405391544073385E-007
  -7.9085699642884821E-007
  -7.8765259286108742E-007
  -7.8444073392901463E-007
  -7.8122144922727844E-007
  -7.7799477073811254E-007
  -7.7476072798549110E-007
  -7.7151935344831691E-007
  -7.6827067482848964E-007
  -7.6501472528760298E-007
  -7.6175153450518359E-007
  -7.5848113391994732E-007
  -7.5520355495812435E-007
  -7.5191882705067772E-007
  -7.4862698293950677E-007
  -7.4532805263803804E-007
  -7.4202206863055828E-007
  -7.3870906121422306E-007
  -7.3538906145375725E-007
  -7.3206210202737294E-007
  -7.2872821424858741E-007
  -7.2538742840195652E-007
  -7.2203977711632326E-007
  -7.1868529275558675E-007
  -7.1532400604014820E-007
  -7.1195594904731420E-007
  -7.0858115328590232E-007
  -7.0519965137845521E-007
  -7.0181147525096508E-007
  -6.9841665753490917E-007
  -6.9501522884335978E-007
  -6.9160722252725420E-007
  -6.8819267036356075E-007
  -6.8477160549359861E-007
  -6.8134405898358185E-007
  -6.7791006413393304E-007
  -6.7446965391380984E-007
  -6.7102286022629494E-007
  -6.6756971539657120E-007
  -6.6411025265175262E-007
  -6.6064450598480355E-007
  -6.5717250520434345E-007
  -6.5369428532576972E-007
  -6.5020987944927949E-007
  -6.4671931974095221E-007
  -6.4322263889927434E-007
  -6.3971987138249400E-007
  -6.3621104896001951E-007
  -6.3269620563134468E-007
  -6.2917537502403411E-007
  -6.2564858973703424E-007
  -6.2211588335781875E-007
  -6.1857728901522148E-007
  -6.1503284103289956E-007
  -6.1148257278286690E-007
  -6.0792651740861884E-007
  -6.0436470888410554E-007
  -6.0079718047973878E-007
  -5.9722396660451236E-007
  -5.9364510093077807E-007
  -5.9006061679549876E-007
  -5.8647054912816245E-007
  -5.8287493086825945E-007
  -5.7927379699716671E-007
  -5.7566718099606004E-007
  -5.7205511708367290E-007
  -5.6843763958091360E-007
  -5.6481478325358475E-007
  -5.6118658131746016E-007
  -5.5755306879320599E-007
  -5.5391427984697961E-007
  -5.5027024935912928E-007
  -5.4662101140852851E-007
  -5.4296660018596185E-007
  -5.3930705155629569E-007
  -5.3564239904915805E-007
  -5.3197267749907916E-007
  -5.2829792198079063E-007
  -5.2461816708988054E-007
  -5.2093344769157726E-007
  -5.1724379860643605E-007
  -5.1354925519818685E-007
  -5.0984985153951792E-007
  -5.0614562335852810E-007
  -5.0243660518150578E-007
  -4.9872283300344066E-007
  -4.9500434149552094E-007
  -4.9128116575435667E-007
  -4.8755334103898304E-007
  -4.8382090272126279E-007
  -4.8008388598451683E-007
  -4.7634232619316227E-007
  -4.7259625918251270E-007
  -4.6884572029751249E-007
  -4.6509074462205707E-007
  -4.6133136807187096E-007
  -4.5756762561275306E-007
  -4.5379955373762236E-007
  -4.5002718810859971E-007
  -4.4625056325162955E-007
  -4.4246971658206536E-007
  -4.3868468256823528E-007
  -4.3489549774257635E-007
  -4.3110219762173676E-007
  -4.2730481822327183E-007
  -4.2350339541662949E-007
  -4.1969796537079429E-007
  -4.1588856423413243E-007
  -4.1207522758629193E-007
  -4.0825799157850269E-007
  -4.0443689293495088E-007
  -4.0061196702601003E-007
  -3.9678325082042089E-007
  -3.9295078004536608E-007
  -3.8911459104302266E-007
  -3.8527472034181869E-007
  -3.8143120401096947E-007
  -3.7758407850387575E-007
  -3.7373338065720734E-007
  -3.6987914627638140E-007
  -3.6602141237985132E-007
  -3.6216021501392336E-007
  -3.5829559105833645E-007
  -3.5442757670108946E-007
  -3.5055620898022310E-007
  -3.4668152434948182E-007
  -3.4280355923775359E-007
  -3.3892235105993359E-007
  -3.3503793607801718E-007
  -3.3115035110874320E-007
  -3.2725963259554703E-007
  -3.2336581785515836E-007
  -3.1946894357487974E-007
  -3.1556904693581915E-007
  -3.1166616383755008E-007
  -3.0776033231775137E-007
  -3.0385158909511100E-007
  -2.9993997101271330E-007
  -2.9602551510367352E-007
  -2.9210825825437418E-007
  -2.8818823762599234E-007
  -2.8426549075575778E-007
  -2.8034005435571479E-007
  -2.7641196550754596E-007
  -2.7248126136017195E-007
  -2.6854797952527698E-007
  -2.6461215680929098E-007
  -2.6067383067155270E-007
  -2.5673303830508285E-007
  -2.5278981703359846E-007
  -2.4884420436821295E-007
  -2.4489623704101613E-007
  -2.4094595325898491E-007
  -2.3699338967425648E-007
  -2.3303858421901318E-007
  -2.2908157378456305E-007
  -2.2512239657227034E-007
  -2.2116108955648843E-007
  -2.1719769004352352E-007
  -2.1323223587506706E-007
  -2.0926476471686887E-007
  -2.0529531387340234E-007
  -2.0132392069220992E-007
  -1.9735062292873045E-007
  -1.9337545834882642E-007
  -1.8939846473279298E-007
  -1.8541967927548355E-007
  -1.8143913977185511E-007
  -1.7745688389430106E-007
  -1.7347294955931114E-007
  -1.6948737434913141E-007
  -1.6550019561462623E-007
  -1.6151145135498708E-007
  -1.5752117977192184E-007
  -1.5352941791996579E-007
  -1.4953620398146861E-007
  -1.4554157557040550E-007
  -1.4154557070028615E-007
  -1.3754822692483486E-007
  -1.3354958222457228E-007
  -1.2954967437303538E-007
  -1.2554854119839935E-007
  -1.2154622073089756E-007
  -1.1754275052035971E-007
  -1.1353816892908643E-007
  -1.0953251350954200E-007
  -1.0552582221269432E-007
  -1.0151813305743672E-007
  -9.7509483998517122E-008
  -9.3499912572936178E-008
  -8.9489457369107185E-008
  -8.5478156065150773E-008
  -8.1466046195433084E-008
  -7.7453166316867408E-008
  -7.3439554378245274E-008
  -6.9425247971663705E-008
  -6.5410285184972411E-008
  -6.1394704266842894E-008
  -5.7378542975921253E-008
  -5.3361839566949900E-008
  -4.9344631586894949E-008
  -4.5326957702175155E-008
  -4.1308855270642101E-008
  -3.7290362800870904E-008
  -3.3271518305913089E-008
  -2.9252359320249332E-008
  -2.5232924384412924E-008
  -2.1213251647077205E-008
  -1.7193378596790108E-008
  -1.3173343315674067E-008
  -9.1531846025623659E-009
  -5.1329396053447855E-009
  -1.1126468510382677E-009
   2.9076555002293070E-009
   6.9279300589918140E-009
   1.0948138158601413E-008
