  -2.5273925826297989E-007
  -2.5074655913582338E-007
  -2.4258641956722052E-007
  -2.2846029881548665E-007
  -2.0871891989016178E-007
  -1.8385367542924214E-007
  -1.5448360398782752E-007
  -1.2133814146255798E-007
  -8.5236575259262191E-008
  -4.7065603850733438E-008
  -7.7564375821451284E-009
   3.1737373037808511E-008
   7.0460562185814978E-008
   1.0747520478583155E-007
   1.4187950323338404E-007
   1.7282818729820937E-007
   1.9955487141784559E-007
   2.2139431691228118E-007
   2.3780178199333396E-007
   2.4836786301162237E-007
   2.5282874947049624E-007
   2.5107242751440962E-007
   2.4314126574544667E-007
   2.2923116546033142E-007
   2.0968722935314662E-007
   1.8499564659570849E-007
   1.5577126722811620E-007
   1.2274051464415750E-007
   8.6720272271865381E-008
   4.8594761179319845E-008
   9.2928582342835166E-009
  -3.0232876974884071E-008
  -6.9025881472892741E-008
  -1.0614511174173967E-007
  -1.4068526072766314E-007
  -1.7179797159405276E-007
  -1.9871370945938262E-007
  -2.2076312530610570E-007
  -2.3739617926183144E-007
  -2.4819750492106718E-007
  -2.5289732241330445E-007
  -2.5137797694977543E-007
  -2.4367649087572460E-007
  -2.2998348007853446E-007
  -2.1063863511306012E-007
  -1.8612275185072604E-007
  -1.5704590163218230E-007
  -1.2413114016254874E-007
  -8.8193492400014604E-008
  -5.0115837781348290E-008
