  -1.3309014548738564E-006
  -1.2236751582094877E-006
  -9.1930225597717920E-007
  -4.6688944977426073E-007
   6.0663093787007691E-008
   5.7843804729070551E-007
   1.0031006816423898E-006
   1.2662251290599465E-006
   1.3253472443313859E-006
   1.1709135586500452E-006
   8.2785876632552416E-007
   3.5151159695196950E-007
  -1.8140830740076428E-007
  -6.8513377093383308E-007
  -1.0785642552482403E-006
  -1.2982777042544717E-006
  -1.3088105559422305E-006
  -1.1084568127575063E-006
  -7.2956083249158846E-007
  -2.3322686131066744E-007
