   7.2220963612532407E-009
  -3.2337414816151092E-008
  -7.1107405661224984E-008
  -1.0814319140007694E-007
  -1.4254223326279711E-007
  -1.7346495048080446E-007
  -2.0015371307746963E-007
  -2.2195024129844796E-007
  -2.3831171916956076E-007
  -2.4882558996822295E-007
  -2.5322245087307596E-007
  -2.5138613222708151E-007
  -2.4335961279691072E-007
  -2.2934509394614841E-007
  -2.0969710096880555E-007
  -1.8490945781294143E-007
  -1.5559896762438671E-007
  -1.2248840246638604E-007
  -8.6389328055492059E-008
  -4.8183801127663399E-008
  -8.8041340665272964E-009
   3.0789216818732043E-008
   6.9630956815379706E-008
   1.0677449178438063E-007
   1.4131467645114421E-007
   1.7240885661712086E-007
   1.9929568539653300E-007
   2.2131198540668769E-007
   2.3790864346423321E-007
   2.4866616156441375E-007
   2.5330892471554781E-007
   2.5171591005953611E-007
   2.4392576898370361E-007
   2.3013554866389555E-007
   2.1069352526185324E-007
   1.8608730153932589E-007
   1.5692871861366888E-007
   1.2393708105171203E-007
   8.7921475352092087E-008
   4.9762066820204966E-008
   1.0389913441536975E-008
  -2.9234854900731127E-008
  -6.8146100273701623E-008
  -1.0539520517637729E-007
  -1.4007410033040498E-007
  -1.7133676878403357E-007
  -1.9841838199286931E-007
  -2.2065185314497271E-007
  -2.3748283679894133E-007
  -2.4848492126220013E-007
