   10326.000000000000     
   10652.000000000000     
   10978.000000000000     
   11304.000000000000     
   11630.000000000000     
   11956.000000000000     
   12282.000000000000     
   12608.000000000000     
   12934.000000000000     
   13260.000000000000     
   13586.000000000000     
   13912.000000000000     
   14238.000000000000     
   14564.000000000000     
   14890.000000000000     
   15216.000000000000     
   15542.000000000000     
   15868.000000000000     
   16194.000000000000     
   16520.000000000000     
   16846.000000000000     
   17172.000000000000     
   17498.000000000000     
   17824.000000000000     
   18150.000000000000     
   18476.000000000000     
   18802.000000000000     
   19128.000000000000     
   19454.000000000000     
   19780.000000000000     
   20106.000000000000     
   20432.000000000000     
   20758.000000000000     
   21084.000000000000     
   21410.000000000000     
   21736.000000000000     
   22062.000000000000     
   22388.000000000000     
   22714.000000000000     
   23040.000000000000     
   23366.000000000000     
   23692.000000000000     
   24018.000000000000     
   24344.000000000000     
   24670.000000000000     
   24996.000000000000     
   25322.000000000000     
   25648.000000000000     
   25974.000000000000     
   26300.000000000000     
   26626.000000000000     
   26952.000000000000     
   27278.000000000000     
   27604.000000000000     
   27930.000000000000     
   28256.000000000000     
   28582.000000000000     
   28908.000000000000     
   29234.000000000000     
   29560.000000000000     
   29886.000000000000     
   30212.000000000000     
   30538.000000000000     
   30864.000000000000     
   31190.000000000000     
   31516.000000000000     
   31842.000000000000     
   32168.000000000000     
   32494.000000000000     
   32820.000000000000     
   33146.000000000000     
   33472.000000000000     
   33798.000000000000     
   34124.000000000000     
   34450.000000000000     
   34776.000000000000     
   35102.000000000000     
   35428.000000000000     
   35754.000000000000     
   36080.000000000000     
   36406.000000000000     
   36732.000000000000     
   37058.000000000000     
   37384.000000000000     
   37710.000000000000     
   38036.000000000000     
   38362.000000000000     
   38688.000000000000     
   39014.000000000000     
   39340.000000000000     
   39666.000000000000     
   39992.000000000000     
   40318.000000000000     
   40644.000000000000     
   40970.000000000000     
   41296.000000000000     
   41622.000000000000     
   41948.000000000000     
   42274.000000000000     
   42600.000000000000     
   42926.000000000000     
   43252.000000000000     
   43578.000000000000     
   43904.000000000000     
   44230.000000000000     
   44556.000000000000     
   44882.000000000000     
   45208.000000000000     
   45534.000000000000     
   45860.000000000000     
   46186.000000000000     
   46512.000000000000     
   46838.000000000000     
   47164.000000000000     
   47490.000000000000     
   47816.000000000000     
   48142.000000000000     
   48468.000000000000     
   48794.000000000000     
   49120.000000000000     
   49446.000000000000     
   49772.000000000000     
   50098.000000000000     
   50424.000000000000     
   50750.000000000000     
   51076.000000000000     
   51402.000000000000     
   51728.000000000000     
   52054.000000000000     
   52380.000000000000     
   52706.000000000000     
   53032.000000000000     
   53358.000000000000     
   53684.000000000000     
   54010.000000000000     
   54336.000000000000     
   54662.000000000000     
   54988.000000000000     
   55314.000000000000     
   55640.000000000000     
   55966.000000000000     
   56292.000000000000     
   56618.000000000000     
   56944.000000000000     
   57270.000000000000     
   57596.000000000000     
   57922.000000000000     
   58248.000000000000     
   58574.000000000000     
   58900.000000000000     
   59226.000000000000     
   59552.000000000000     
   59878.000000000000     
   60204.000000000000     
   60530.000000000000     
   60856.000000000000     
   61182.000000000000     
   61508.000000000000     
   61834.000000000000     
   62160.000000000000     
   62486.000000000000     
   62812.000000000000     
   63138.000000000000     
   63464.000000000000     
   63790.000000000000     
   64116.000000000000     
   64442.000000000000     
   64768.000000000000     
   65094.000000000000     
   65420.000000000000     
   65746.000000000000     
   66072.000000000000     
   66398.000000000000     
   66724.000000000000     
   67050.000000000000     
   67376.000000000000     
   67702.000000000000     
   68028.000000000000     
   68354.000000000000     
   68680.000000000000     
   69006.000000000000     
   69332.000000000000     
   69658.000000000000     
   69984.000000000000     
   70310.000000000000     
   70636.000000000000     
   70962.000000000000     
   71288.000000000000     
   71614.000000000000     
   71940.000000000000     
   72266.000000000000     
   72592.000000000000     
   72918.000000000000     
   73244.000000000000     
   73570.000000000000     
   73896.000000000000     
   74222.000000000000     
   74548.000000000000     
   74874.000000000000     
   75200.000000000000     
   75526.000000000000     
   75852.000000000000     
   76178.000000000000     
   76504.000000000000     
   76830.000000000000     
   77156.000000000000     
   77482.000000000000     
   77808.000000000000     
   78134.000000000000     
   78460.000000000000     
   78786.000000000000     
   79112.000000000000     
   79438.000000000000     
   79764.000000000000     
   80090.000000000000     
   80416.000000000000     
   80742.000000000000     
   81068.000000000000     
   81394.000000000000     
   81720.000000000000     
   82046.000000000000     
   82372.000000000000     
   82698.000000000000     
   83024.000000000000     
   83350.000000000000     
   83676.000000000000     
   84002.000000000000     
   84328.000000000000     
   84654.000000000000     
   84980.000000000000     
   85306.000000000000     
   85632.000000000000     
   85958.000000000000     
   86284.000000000000     
   86610.000000000000     
   86936.000000000000     
   87262.000000000000     
   87588.000000000000     
   87914.000000000000     
   88240.000000000000     
   88566.000000000000     
   88892.000000000000     
   89218.000000000000     
   89544.000000000000     
   89870.000000000000     
   90196.000000000000     
   90522.000000000000     
   90848.000000000000     
   91174.000000000000     
   91500.000000000000     
   91826.000000000000     
   92152.000000000000     
   92478.000000000000     
   92804.000000000000     
   93130.000000000000     
   93456.000000000000     
   93782.000000000000     
   94108.000000000000     
   94434.000000000000     
   94760.000000000000     
   95086.000000000000     
   95412.000000000000     
   95738.000000000000     
   96064.000000000000     
   96390.000000000000     
   96716.000000000000     
   97042.000000000000     
   97368.000000000000     
   97694.000000000000     
   98020.000000000000     
   98346.000000000000     
   98672.000000000000     
   98998.000000000000     
   99324.000000000000     
   99650.000000000000     
   99976.000000000000     
   100302.00000000000     
   100628.00000000000     
   100954.00000000000     
   101280.00000000000     
   101606.00000000000     
   101932.00000000000     
   102258.00000000000     
   102584.00000000000     
   102910.00000000000     
   103236.00000000000     
   103562.00000000000     
   103888.00000000000     
   104214.00000000000     
   104540.00000000000     
   104866.00000000000     
   105192.00000000000     
   105518.00000000000     
   105844.00000000000     
   106170.00000000000     
   106496.00000000000     
   106822.00000000000     
   107148.00000000000     
   107474.00000000000     
   107800.00000000000     
   108126.00000000000     
   108452.00000000000     
   108778.00000000000     
   109104.00000000000     
   109430.00000000000     
   109756.00000000000     
   110082.00000000000     
   110408.00000000000     
   110734.00000000000     
   111060.00000000000     
   111386.00000000000     
   111712.00000000000     
   112038.00000000000     
   112364.00000000000     
   112690.00000000000     
   113016.00000000000     
   113342.00000000000     
   113668.00000000000     
   113994.00000000000     
   114320.00000000000     
   114646.00000000000     
   114972.00000000000     
   115298.00000000000     
   115624.00000000000     
   115950.00000000000     
   116276.00000000000     
   116602.00000000000     
   116928.00000000000     
   117254.00000000000     
   117580.00000000000     
   117906.00000000000     
   118232.00000000000     
   118558.00000000000     
   118884.00000000000     
   119210.00000000000     
   119536.00000000000     
   119862.00000000000     
   120188.00000000000     
   120514.00000000000     
   120840.00000000000     
   121166.00000000000     
   121492.00000000000     
   121818.00000000000     
   122144.00000000000     
   122470.00000000000     
   122796.00000000000     
   123122.00000000000     
   123448.00000000000     
   123774.00000000000     
   124100.00000000000     
   124426.00000000000     
   124752.00000000000     
   125078.00000000000     
   125404.00000000000     
   125730.00000000000     
   126056.00000000000     
   126382.00000000000     
   126708.00000000000     
   127034.00000000000     
   127360.00000000000     
   127686.00000000000     
   128012.00000000000     
   128338.00000000000     
   128664.00000000000     
   128990.00000000000     
   129316.00000000000     
   129642.00000000000     
   129968.00000000000     
   130294.00000000000     
   130620.00000000000     
   130946.00000000000     
   131272.00000000000     
   131598.00000000000     
   131924.00000000000     
   132250.00000000000     
   132576.00000000000     
   132902.00000000000     
   133228.00000000000     
   133554.00000000000     
   133880.00000000000     
   134206.00000000000     
   134532.00000000000     
   134858.00000000000     
   135184.00000000000     
   135510.00000000000     
   135836.00000000000     
   136162.00000000000     
   136488.00000000000     
   136814.00000000000     
   137140.00000000000     
   137466.00000000000     
   137792.00000000000     
   138118.00000000000     
   138444.00000000000     
   138770.00000000000     
   139096.00000000000     
   139422.00000000000     
   139748.00000000000     
   140074.00000000000     
   140400.00000000000     
   140726.00000000000     
   141052.00000000000     
   141378.00000000000     
   141704.00000000000     
   142030.00000000000     
   142356.00000000000     
   142682.00000000000     
   143008.00000000000     
   143334.00000000000     
   143660.00000000000     
   143986.00000000000     
   144312.00000000000     
   144638.00000000000     
   144964.00000000000     
   145290.00000000000     
   145616.00000000000     
   145942.00000000000     
   146268.00000000000     
   146594.00000000000     
   146920.00000000000     
   147246.00000000000     
   147572.00000000000     
   147898.00000000000     
   148224.00000000000     
   148550.00000000000     
   148876.00000000000     
   149202.00000000000     
   149528.00000000000     
   149854.00000000000     
   150180.00000000000     
   150506.00000000000     
   150832.00000000000     
   151158.00000000000     
   151484.00000000000     
   151810.00000000000     
   152136.00000000000     
   152462.00000000000     
   152788.00000000000     
   153114.00000000000     
   153440.00000000000     
   153766.00000000000     
   154092.00000000000     
   154418.00000000000     
   154744.00000000000     
   155070.00000000000     
   155396.00000000000     
   155722.00000000000     
   156048.00000000000     
   156374.00000000000     
   156700.00000000000     
   157026.00000000000     
   157352.00000000000     
   157678.00000000000     
   158004.00000000000     
   158330.00000000000     
   158656.00000000000     
   158982.00000000000     
   159308.00000000000     
   159634.00000000000     
   159960.00000000000     
   160286.00000000000     
   160612.00000000000     
   160938.00000000000     
   161264.00000000000     
   161590.00000000000     
   161916.00000000000     
   162242.00000000000     
   162568.00000000000     
   162894.00000000000     
   163220.00000000000     
   163546.00000000000     
   163872.00000000000     
   164198.00000000000     
   164524.00000000000     
   164850.00000000000     
   165176.00000000000     
   165502.00000000000     
   165828.00000000000     
   166154.00000000000     
   166480.00000000000     
   166806.00000000000     
   167132.00000000000     
   167458.00000000000     
   167784.00000000000     
   168110.00000000000     
   168436.00000000000     
   168762.00000000000     
   169088.00000000000     
   169414.00000000000     
   169740.00000000000     
   170066.00000000000     
   170392.00000000000     
   170718.00000000000     
   171044.00000000000     
   171370.00000000000     
   171696.00000000000     
   172022.00000000000     
   172348.00000000000     
   172674.00000000000     
   173000.00000000000     
   173326.00000000000     
   173652.00000000000     
   173978.00000000000     
   174304.00000000000     
   174630.00000000000     
   174956.00000000000     
   175282.00000000000     
   175608.00000000000     
   175934.00000000000     
   176260.00000000000     
   176586.00000000000     
   176912.00000000000     
   177238.00000000000     
   177564.00000000000     
   177890.00000000000     
   178216.00000000000     
   178542.00000000000     
   178868.00000000000     
   179194.00000000000     
   179520.00000000000     
   179846.00000000000     
   180172.00000000000     
   180498.00000000000     
   180824.00000000000     
   181150.00000000000     
   181476.00000000000     
   181802.00000000000     
   182128.00000000000     
   182454.00000000000     
   182780.00000000000     
   183106.00000000000     
   183432.00000000000     
   183758.00000000000     
   184084.00000000000     
   184410.00000000000     
   184736.00000000000     
   185062.00000000000     
   185388.00000000000     
   185714.00000000000     
   186040.00000000000     
   186366.00000000000     
   186692.00000000000     
   187018.00000000000     
   187344.00000000000     
   187670.00000000000     
   187996.00000000000     
   188322.00000000000     
   188648.00000000000     
   188974.00000000000     
   189300.00000000000     
   189626.00000000000     
   189952.00000000000     
   190278.00000000000     
   190604.00000000000     
   190930.00000000000     
   191256.00000000000     
   191582.00000000000     
   191908.00000000000     
   192234.00000000000     
   192560.00000000000     
   192886.00000000000     
   193212.00000000000     
   193538.00000000000     
   193864.00000000000     
   194190.00000000000     
   194516.00000000000     
   194842.00000000000     
   195168.00000000000     
   195494.00000000000     
   195820.00000000000     
   196146.00000000000     
   196472.00000000000     
   196798.00000000000     
   197124.00000000000     
   197450.00000000000     
   197776.00000000000     
   198102.00000000000     
   198428.00000000000     
   198754.00000000000     
   199080.00000000000     
   199406.00000000000     
   199732.00000000000     
   200058.00000000000     
   200384.00000000000     
   200710.00000000000     
   201036.00000000000     
   201362.00000000000     
   201688.00000000000     
   202014.00000000000     
   202340.00000000000     
   202666.00000000000     
   202992.00000000000     
   203318.00000000000     
   203644.00000000000     
   203970.00000000000     
   204296.00000000000     
   204622.00000000000     
   204948.00000000000     
   205274.00000000000     
   205600.00000000000     
   205926.00000000000     
   206252.00000000000     
   206578.00000000000     
   206904.00000000000     
   207230.00000000000     
   207556.00000000000     
   207882.00000000000     
   208208.00000000000     
   208534.00000000000     
   208860.00000000000     
   209186.00000000000     
   209512.00000000000     
   209838.00000000000     
   210164.00000000000     
   210490.00000000000     
   210816.00000000000     
   211142.00000000000     
   211468.00000000000     
   211794.00000000000     
   212120.00000000000     
   212446.00000000000     
   212772.00000000000     
   213098.00000000000     
   213424.00000000000     
   213750.00000000000     
   214076.00000000000     
   214402.00000000000     
   214728.00000000000     
   215054.00000000000     
   215380.00000000000     
   215706.00000000000     
   216032.00000000000     
   216358.00000000000     
   216684.00000000000     
   217010.00000000000     
   217336.00000000000     
   217662.00000000000     
   217988.00000000000     
   218314.00000000000     
   218640.00000000000     
   218966.00000000000     
   219292.00000000000     
   219618.00000000000     
   219944.00000000000     
   220270.00000000000     
   220596.00000000000     
   220922.00000000000     
   221248.00000000000     
   221574.00000000000     
   221900.00000000000     
   222226.00000000000     
   222552.00000000000     
   222878.00000000000     
   223204.00000000000     
   223530.00000000000     
   223856.00000000000     
   224182.00000000000     
   224508.00000000000     
   224834.00000000000     
   225160.00000000000     
   225486.00000000000     
   225812.00000000000     
   226138.00000000000     
   226464.00000000000     
   226790.00000000000     
   227116.00000000000     
   227442.00000000000     
   227768.00000000000     
   228094.00000000000     
   228420.00000000000     
   228746.00000000000     
   229072.00000000000     
   229398.00000000000     
   229724.00000000000     
   230050.00000000000     
   230376.00000000000     
   230702.00000000000     
   231028.00000000000     
   231354.00000000000     
   231680.00000000000     
   232006.00000000000     
   232332.00000000000     
   232658.00000000000     
   232984.00000000000     
   233310.00000000000     
   233636.00000000000     
   233962.00000000000     
   234288.00000000000     
   234614.00000000000     
   234940.00000000000     
   235266.00000000000     
   235592.00000000000     
   235918.00000000000     
   236244.00000000000     
   236570.00000000000     
   236896.00000000000     
   237222.00000000000     
   237548.00000000000     
   237874.00000000000     
   238200.00000000000     
   238526.00000000000     
   238852.00000000000     
   239178.00000000000     
   239504.00000000000     
   239830.00000000000     
   240156.00000000000     
   240482.00000000000     
   240808.00000000000     
   241134.00000000000     
   241460.00000000000     
   241786.00000000000     
   242112.00000000000     
   242438.00000000000     
   242764.00000000000     
   243090.00000000000     
   243416.00000000000     
   243742.00000000000     
   244068.00000000000     
   244394.00000000000     
   244720.00000000000     
   245046.00000000000     
   245372.00000000000     
   245698.00000000000     
   246024.00000000000     
   246350.00000000000     
   246676.00000000000     
   247002.00000000000     
   247328.00000000000     
   247654.00000000000     
   247980.00000000000     
   248306.00000000000     
   248632.00000000000     
   248958.00000000000     
   249284.00000000000     
   249610.00000000000     
   249936.00000000000     
   250262.00000000000     
   250588.00000000000     
   250914.00000000000     
   251240.00000000000     
   251566.00000000000     
   251892.00000000000     
   252218.00000000000     
   252544.00000000000     
   252870.00000000000     
   253196.00000000000     
   253522.00000000000     
   253848.00000000000     
   254174.00000000000     
   254500.00000000000     
   254826.00000000000     
   255152.00000000000     
   255478.00000000000     
   255804.00000000000     
   256130.00000000000     
   256456.00000000000     
   256782.00000000000     
   257108.00000000000     
   257434.00000000000     
   257760.00000000000     
   258086.00000000000     
   258412.00000000000     
   258738.00000000000     
   259064.00000000000     
   259390.00000000000     
   259716.00000000000     
   260042.00000000000     
   260368.00000000000     
   260694.00000000000     
   261020.00000000000     
   261346.00000000000     
   261672.00000000000     
   261998.00000000000     
   262324.00000000000     
   262650.00000000000     
   262976.00000000000     
   263302.00000000000     
   263628.00000000000     
   263954.00000000000     
   264280.00000000000     
   264606.00000000000     
   264932.00000000000     
   265258.00000000000     
   265584.00000000000     
   265910.00000000000     
   266236.00000000000     
   266562.00000000000     
   266888.00000000000     
   267214.00000000000     
   267540.00000000000     
   267866.00000000000     
   268192.00000000000     
   268518.00000000000     
   268844.00000000000     
   269170.00000000000     
   269496.00000000000     
   269822.00000000000     
   270148.00000000000     
   270474.00000000000     
   270800.00000000000     
   271126.00000000000     
   271452.00000000000     
   271778.00000000000     
   272104.00000000000     
   272430.00000000000     
   272756.00000000000     
   273082.00000000000     
   273408.00000000000     
   273734.00000000000     
   274060.00000000000     
   274386.00000000000     
   274712.00000000000     
   275038.00000000000     
   275364.00000000000     
   275690.00000000000     
   276016.00000000000     
   276342.00000000000     
   276668.00000000000     
   276994.00000000000     
   277320.00000000000     
   277646.00000000000     
   277972.00000000000     
   278298.00000000000     
   278624.00000000000     
   278950.00000000000     
   279276.00000000000     
   279602.00000000000     
   279928.00000000000     
   280254.00000000000     
   280580.00000000000     
   280906.00000000000     
   281232.00000000000     
   281558.00000000000     
   281884.00000000000     
   282210.00000000000     
   282536.00000000000     
   282862.00000000000     
   283188.00000000000     
   283514.00000000000     
   283840.00000000000     
   284166.00000000000     
   284492.00000000000     
   284818.00000000000     
   285144.00000000000     
   285470.00000000000     
   285796.00000000000     
   286122.00000000000     
   286448.00000000000     
   286774.00000000000     
   287100.00000000000     
   287426.00000000000     
   287752.00000000000     
   288078.00000000000     
   288404.00000000000     
   288730.00000000000     
   289056.00000000000     
   289382.00000000000     
   289708.00000000000     
   290034.00000000000     
   290360.00000000000     
   290686.00000000000     
   291012.00000000000     
   291338.00000000000     
   291664.00000000000     
   291990.00000000000     
   292316.00000000000     
   292642.00000000000     
   292968.00000000000     
   293294.00000000000     
   293620.00000000000     
   293946.00000000000     
   294272.00000000000     
   294598.00000000000     
   294924.00000000000     
   295250.00000000000     
   295576.00000000000     
   295902.00000000000     
   296228.00000000000     
   296554.00000000000     
   296880.00000000000     
   297206.00000000000     
   297532.00000000000     
   297858.00000000000     
   298184.00000000000     
   298510.00000000000     
   298836.00000000000     
   299162.00000000000     
   299488.00000000000     
   299814.00000000000     
   300140.00000000000     
   300466.00000000000     
   300792.00000000000     
   301118.00000000000     
   301444.00000000000     
   301770.00000000000     
   302096.00000000000     
   302422.00000000000     
   302748.00000000000     
   303074.00000000000     
   303400.00000000000     
   303726.00000000000     
   304052.00000000000     
   304378.00000000000     
   304704.00000000000     
   305030.00000000000     
   305356.00000000000     
   305682.00000000000     
   306008.00000000000     
   306334.00000000000     
   306660.00000000000     
   306986.00000000000     
   307312.00000000000     
   307638.00000000000     
   307964.00000000000     
   308290.00000000000     
   308616.00000000000     
   308942.00000000000     
   309268.00000000000     
   309594.00000000000     
   309920.00000000000     
   310246.00000000000     
   310572.00000000000     
   310898.00000000000     
   311224.00000000000     
   311550.00000000000     
   311876.00000000000     
   312202.00000000000     
   312528.00000000000     
   312854.00000000000     
   313180.00000000000     
   313506.00000000000     
   313832.00000000000     
   314158.00000000000     
   314484.00000000000     
   314810.00000000000     
   315136.00000000000     
   315462.00000000000     
   315788.00000000000     
   316114.00000000000     
   316440.00000000000     
   316766.00000000000     
   317092.00000000000     
   317418.00000000000     
   317744.00000000000     
   318070.00000000000     
   318396.00000000000     
   318722.00000000000     
   319048.00000000000     
   319374.00000000000     
   319700.00000000000     
   320026.00000000000     
   320352.00000000000     
   320678.00000000000     
   321004.00000000000     
   321330.00000000000     
   321656.00000000000     
   321982.00000000000     
   322308.00000000000     
   322634.00000000000     
   322960.00000000000     
   323286.00000000000     
   323612.00000000000     
   323938.00000000000     
   324264.00000000000     
   324590.00000000000     
   324916.00000000000     
   325242.00000000000     
   325568.00000000000     
   325894.00000000000     
   326220.00000000000     
   326546.00000000000     
   326872.00000000000     
   327198.00000000000     
   327524.00000000000     
   327850.00000000000     
   328176.00000000000     
   328502.00000000000     
   328828.00000000000     
   329154.00000000000     
   329480.00000000000     
   329806.00000000000     
   330132.00000000000     
   330458.00000000000     
   330784.00000000000     
   331110.00000000000     
   331436.00000000000     
   331762.00000000000     
   332088.00000000000     
   332414.00000000000     
   332740.00000000000     
   333066.00000000000     
   333392.00000000000     
   333718.00000000000     
   334044.00000000000     
   334370.00000000000     
   334696.00000000000     
   335022.00000000000     
   335348.00000000000     
   335674.00000000000     
   336000.00000000000     
